28114
16623
5056
296
9676
11499
17713
4749
14748
7816
19942
9836
19614
17483
25032
6444
17120
7617
24571
18245
30881
25421
11446
22519
30090
7860
19685
1708
6062
16485
8064
5934
29251
15753
20649
24713
23582
719
25224
6846
27120
18421
26599
23340
20546
4117
19596
27582
26930
25269
18266
26837
23019
2444
21030
20980
5093
24341
17242
31022
11746
31190
25932
32080
20644
16493
10076
15054
13167
12895
17615
24430
25665
29088
32110
3254
22484
22754
15326
13591
32080
10910
17854
8150
20944
9443
20867
16318
12187
1505
7699
18567
21791
19764
26658
12036
24492
17906
22864
16
