347 632 1 ;
772 828 2 ;
994 928 3 ;
82 444 4 ;
32 318 5 ;
570 683 6 ;
29 746 7 ;
220 850 8 ;
492 470 9 ;
355 977 10 ;
80 180 11 ;
141 995 12 ;
257 562 13 ;
843 314 14 ;
616 455 15 ;
180 964 16 ;
87 304 17 ;
144 82 18 ;
233 226 19 ;
878 617 20 ;
544 449 21 ;
300 926 22 ;
195 873 23 ;
776 40 24 ;
343 132 25 ;
17 424 26 ;
312 159 27 ;
771 922 28 ;
73 614 29 ;
588 41 30 ;
70 768 31 ;
357 509 32 ;
72 501 33 ;
943 305 34 ;
80 822 35 ;
274 624 36 ;
623 575 37 ;
550 818 38 ;
448 679 39 ;
210 143 40 ;
163 580 41 ;
567 827 42 ;
91 339 43 ;
101 164 44 ;
305 689 45 ;
205 727 46 ;
457 915 47 ;
237 882 48 ;
416 180 49 ;
539 496 50 ;
354 814 51 ;
473 977 52 ;
741 375 53 ;
148 189 54 ;
406 358 55 ;
684 569 56 ;
290 252 57 ;
749 381 58 ;
943 850 59 ;
545 248 60 ;
892 103 61 ;
328 701 62 ;
18 565 63 ;
583 786 64 ;
97 475 65 ;
635 452 66 ;
289 108 67 ;
781 382 68 ;
835 929 69 ;
923 242 70 ;
640 607 71 ;
163 930 72 ;
859 912 73 ;
312 802 74 ;
115 857 75 ;
403 359 76 ;
312 731 77 ;
60 682 78 ;
648 996 79 ;
821 97 80 ;
471 456 81 ;
549 112 82 ;
916 331 83 ;
494 751 84 ;
612 417 85 ;
345 252 86 ;
24 509 87 ;
183 884 88 ;
773 495 89 ;
38 240 90 ;
704 793 91 ;
599 369 92 ;
876 660 93 ;
403 524 94 ;
656 224 95 ;
974 479 96 ;
680 523 97 ;
591 948 98 ;
206 85 99 ;
700 171 100 ;
502 45 101 ;
423 526 102 ;
906 606 103 ;
762 680 104 ;
453 153 105 ;
272 510 106 ;
946 872 107 ;
879 823 108 ;
884 282 109 ;
699 540 110 ;
859 25 111 ;
19 891 112 ;
901 962 113 ;
840 107 114 ;
47 892 115 ;
278 549 116 ;
937 54 117 ;
427 196 118 ;
12 190 119 ;
876 466 120 ;
695 148 121 ;
328 641 122 ;
372 207 123 ;
816 256 124 ;
841 868 125 ;
148 52 126 ;
893 519 127 ;
944 146 128 ;
481 136 129 ;
606 528 130 ;
28 236 131 ;
429 317 132 ;
290 857 133 ;
513 303 134 ;
399 741 135 ;
121 94 136 ;
242 449 137 ;
87 614 138 ;
8 256 139 ;
223 849 140 ;
476 371 141 ;
902 721 142 ;
243 198 143 ;
868 724 144 ;
334 474 145 ;
253 714 146 ;
710 34 147 ;
31 353 148 ;
891 897 149 ;
656 642 150 ;
638 129 151 ;
88 232 152 ;
578 528 153 ;
199 586 154 ;
136 422 155 ;
787 612 156 ;
145 41 157 ;
685 388 158 ;
239 905 159 ;
113 925 160 ;
731 718 161 ;
639 442 162 ;
752 23 163 ;
147 996 164 ;
920 803 165 ;
990 910 166 ;
284 431 167 ;
143 862 168 ;
959 342 169 ;
800 447 170 ;
116 587 171 ;
411 261 172 ;
629 96 173 ;
650 220 174 ;
2 115 175 ;
498 85 176 ;
185 489 177 ;
879 937 178 ;
864 26 179 ;
285 784 180 ;
181 628 181 ;
47 465 182 ;
59 542 183 ;
327 370 184 ;
884 127 185 ;
817 0 186 ;
67 228 187 ;
613 696 188 ;
324 615 189 ;
268 678 190 ;
730 766 191 ;
764 267 192 ;
608 643 193 ;
557 472 194 ;
670 842 195 ;
609 851 196 ;
470 656 197 ;
669 881 198 ;
198 996 199 ;
251 434 200 ;
476 68 201 ;
786 543 202 ;
296 399 203 ;
591 973 204 ;
367 859 205 ;
651 97 206 ;
978 767 207 ;
717 938 208 ;
763 274 209 ;
410 785 210 ;
116 19 211 ;
988 939 212 ;
27 657 213 ;
172 577 214 ;
6 424 215 ;
11 482 216 ;
492 149 217 ;
377 141 218 ;
901 968 219 ;
114 268 220 ;
179 117 221 ;
717 509 222 ;
237 434 223 ;
447 0 224 ;
708 858 225 ;
137 177 226 ;
229 125 227 ;
468 609 228 ;
135 640 229 ;
186 141 230 ;
64 550 231 ;
975 909 232 ;
699 352 233 ;
402 952 234 ;
320 868 235 ;
220 499 236 ;
985 938 237 ;
9 574 238 ;
372 808 239 ;
926 81 240 ;
666 63 241 ;
610 248 242 ;
541 78 243 ;
857 676 244 ;
718 395 245 ;
169 783 246 ;
945 144 247 ;
44 997 248 ;
496 446 249 ;
949 816 250 ;
314 170 251 ;
667 651 252 ;
460 28 253 ;
578 832 254 ;
837 504 255 ;
265 855 256 ;
920 875 257 ;
103 461 258 ;
305 312 259 ;
489 24 260 ;
708 658 261 ;
159 653 262 ;
154 203 263 ;
650 650 264 ;
1 952 265 ;
818 667 266 ;
474 485 267 ;
670 934 268 ;
866 248 269 ;
118 703 270 ;
105 384 271 ;
558 25 272 ;
611 14 273 ;
838 917 274 ;
326 327 275 ;
293 34 276 ;
337 452 277 ;
688 491 278 ;
7 690 279 ;
493 360 280 ;
994 311 281 ;
379 468 282 ;
148 49 283 ;
402 14 284 ;
650 521 285 ;
717 107 286 ;
257 628 287 ;
484 220 288 ;
642 322 289 ;
489 320 290 ;
1 782 291 ;
355 690 292 ;
234 395 293 ;
181 593 294 ;
437 674 295 ;
953 432 296 ;
337 332 297 ;
252 485 298 ;
734 655 299 ;
500 736 300 ;
528 569 301 ;
843 785 302 ;
549 327 303 ;
357 543 304 ;
1 847 305 ;
864 2 306 ;
629 571 307 ;
692 216 308 ;
966 225 309 ;
809 403 310 ;
251 763 311 ;
187 588 312 ;
447 440 313 ;
73 181 314 ;
447 925 315 ;
269 975 316 ;
847 464 317 ;
112 396 318 ;
143 469 319 ;
292 144 320 ;
316 156 321 ;
498 298 322 ;
727 542 323 ;
514 693 324 ;
119 323 325 ;
448 370 326 ;
438 988 327 ;
958 886 328 ;
780 384 329 ;
419 227 330 ;
661 41 331 ;
202 508 332 ;
505 666 333 ;
257 649 334 ;
135 549 335 ;
145 804 336 ;
705 644 337 ;
102 432 338 ;
538 616 339 ;
477 658 340 ;
291 277 341 ;
28 730 342 ;
617 339 343 ;
968 397 344 ;
75 387 345 ;
976 736 346 ;
428 530 347 ;
245 934 348 ;
196 502 349 ;
935 332 350 ;
51 80 351 ;
136 108 352 ;
76 238 353 ;
892 967 354 ;
206 721 355 ;
625 497 356 ;
998 5 357 ;
227 968 358 ;
696 195 359 ;
717 771 360 ;
935 694 361 ;
508 363 362 ;
224 105 363 ;
649 421 364 ;
607 936 365 ;
105 10 366 ;
369 241 367 ;
118 797 368 ;
831 10 369 ;
764 37 370 ;
731 741 371 ;
886 81 372 ;
747 114 373 ;
49 443 374 ;
661 767 375 ;
567 596 376 ;
461 75 377 ;
312 37 378 ;
180 313 379 ;
458 139 380 ;
602 563 381 ;
149 971 382 ;
156 267 383 ;
768 987 384 ;
277 533 385 ;
376 360 386 ;
626 263 387 ;
441 373 388 ;
729 843 389 ;
169 390 390 ;
962 736 391 ;
339 423 392 ;
163 3 393 ;
812 343 394 ;
316 271 395 ;
482 918 396 ;
186 983 397 ;
889 343 398 ;
250 10 399 ;
682 879 400 ;
895 411 401 ;
239 521 402 ;
674 32 403 ;
247 755 404 ;
875 416 405 ;
145 837 406 ;
152 836 407 ;
612 667 408 ;
839 425 409 ;
10 156 410 ;
48 844 411 ;
426 234 412 ;
827 668 413 ;
929 429 414 ;
678 612 415 ;
660 925 416 ;
375 899 417 ;
446 49 418 ;
283 693 419 ;
156 511 420 ;
461 653 421 ;
700 965 422 ;
490 665 423 ;
632 329 424 ;
442 642 425 ;
837 490 426 ;
838 616 427 ;
76 665 428 ;
284 6 429 ;
446 314 430 ;
970 106 431 ;
239 345 432 ;
357 685 433 ;
746 641 434 ;
731 902 435 ;
504 192 436 ;
555 204 437 ;
158 397 438 ;
869 790 439 ;
727 311 440 ;
785 916 441 ;
153 623 442 ;
532 230 443 ;
641 168 444 ;
588 439 445 ;
482 558 446 ;
546 721 447 ;
255 903 448 ;
759 1 449 ;
896 842 450 ;
255 752 451 ;
386 162 452 ;
957 544 453 ;
560 178 454 ;
687 639 455 ;
842 824 456 ;
907 995 457 ;
799 440 458 ;
577 792 459 ;
960 165 460 ;
232 443 461 ;
75 778 462 ;
516 330 463 ;
33 627 464 ;
683 282 465 ;
821 290 466 ;
34 208 467 ;
453 343 468 ;
104 13 469 ;
522 143 470 ;
4 364 471 ;
967 911 472 ;
711 767 473 ;
703 289 474 ;
559 664 475 ;
454 791 476 ;
459 882 477 ;
921 975 478 ;
212 307 479 ;
955 248 480 ;
589 776 481 ;
538 623 482 ;
336 991 483 ;
967 441 484 ;
356 841 485 ;
584 360 486 ;
205 552 487 ;
624 268 488 ;
671 327 489 ;
557 582 490 ;
343 364 491 ;
374 802 492 ;
246 647 493 ;
130 810 494 ;
954 437 495 ;
58 895 496 ;
213 597 497 ;
871 902 498 ;
940 190 499 ;
343 297 500 ;
31 927 501 ;
9 588 502 ;
831 633 503 ;
856 502 504 ;
313 766 505 ;
85 8 506 ;
130 811 507 ;
163 376 508 ;
810 293 509 ;
186 117 510 ;
730 597 511 ;
12 295 512 ;
546 235 513 ;
197 486 514 ;
425 892 515 ;
135 808 516 ;
172 145 517 ;
396 3 518 ;
130 605 519 ;
858 795 520 ;
371 295 521 ;
804 501 522 ;
458 967 523 ;
229 620 524 ;
612 767 525 ;
737 694 526 ;
716 102 527 ;
341 262 528 ;
689 891 529 ;
749 115 530 ;
783 884 531 ;
275 955 532 ;
381 24 533 ;
311 512 534 ;
629 521 535 ;
659 352 536 ;
816 815 537 ;
205 626 538 ;
134 434 539 ;
598 746 540 ;
553 336 541 ;
792 270 542 ;
790 134 543 ;
532 831 544 ;
25 633 545 ;
946 808 546 ;
518 574 547 ;
116 251 548 ;
598 779 549 ;
115 227 550 ;
300 775 551 ;
931 468 552 ;
590 136 553 ;
446 77 554 ;
922 44 555 ;
823 475 556 ;
732 616 557 ;
97 522 558 ;
102 982 559 ;
354 127 560 ;
615 652 561 ;
287 485 562 ;
226 755 563 ;
737 824 564 ;
534 852 565 ;
403 834 566 ;
979 334 567 ;
302 922 568 ;
822 100 569 ;
999 744 570 ;
145 174 571 ;
572 877 572 ;
142 669 573 ;
752 244 574 ;
3 106 575 ;
371 619 576 ;
110 11 577 ;
456 689 578 ;
766 545 579 ;
865 301 580 ;
398 621 581 ;
135 729 582 ;
955 790 583 ;
651 778 584 ;
890 650 585 ;
874 387 586 ;
825 446 587 ;
265 967 588 ;
468 17 589 ;
564 471 590 ;
475 935 591 ;
442 585 592 ;
946 899 593 ;
626 65 594 ;
444 492 595 ;
366 194 596 ;
113 853 597 ;
924 420 598 ;
995 927 599 ;
550 886 600 ;
930 425 601 ;
625 755 602 ;
871 890 603 ;
74 339 604 ;
907 990 605 ;
163 382 606 ;
926 605 607 ;
320 224 608 ;
856 946 609 ;
289 653 610 ;
790 7 611 ;
199 255 612 ;
861 475 613 ;
676 856 614 ;
403 578 615 ;
94 333 616 ;
3 720 617 ;
440 227 618 ;
610 866 619 ;
918 870 620 ;
857 433 621 ;
604 135 622 ;
39 924 623 ;
711 247 624 ;
223 353 625 ;
900 365 626 ;
360 452 627 ;
621 573 628 ;
927 649 629 ;
430 682 630 ;
227 876 631 ;
15 583 632 ;
948 807 633 ;
162 911 634 ;
674 80 635 ;
781 883 636 ;
514 385 637 ;
18 905 638 ;
662 81 639 ;
504 237 640 ;
434 757 641 ;
602 147 642 ;
209 575 643 ;
720 488 644 ;
224 502 645 ;
171 804 646 ;
379 538 647 ;
387 327 648 ;
346 901 649 ;
238 372 650 ;
333 371 651 ;
255 199 652 ;
109 625 653 ;
104 771 654 ;
706 609 655 ;
360 493 656 ;
718 962 657 ;
640 927 658 ;
538 360 659 ;
415 114 660 ;
863 938 661 ;
918 594 662 ;
477 657 663 ;
273 175 664 ;
558 512 665 ;
547 892 666 ;
235 154 667 ;
91 344 668 ;
131 548 669 ;
467 837 670 ;
509 827 671 ;
682 227 672 ;
142 322 673 ;
154 32 674 ;
35 921 675 ;
146 250 676 ;
860 65 677 ;
844 337 678 ;
722 117 679 ;
512 633 680 ;
981 411 681 ;
525 217 682 ;
565 968 683 ;
913 48 684 ;
516 381 685 ;
237 25 686 ;
208 920 687 ;
252 702 688 ;
594 758 689 ;
734 981 690 ;
680 881 691 ;
231 892 692 ;
298 427 693 ;
581 372 694 ;
897 445 695 ;
5 230 696 ;
856 530 697 ;
799 773 698 ;
851 713 699 ;
821 367 700 ;
94 58 701 ;
393 654 702 ;
330 997 703 ;
357 925 704 ;
108 91 705 ;
906 788 706 ;
324 490 707 ;
32 622 708 ;
269 613 709 ;
995 166 710 ;
58 0 711 ;
749 266 712 ;
883 548 713 ;
39 734 714 ;
261 212 715 ;
453 707 716 ;
622 198 717 ;
714 953 718 ;
196 423 719 ;
878 304 720 ;
514 136 721 ;
444 839 722 ;
626 476 723 ;
813 896 724 ;
441 808 725 ;
414 499 726 ;
809 163 727 ;
765 44 728 ;
64 156 729 ;
130 677 730 ;
368 583 731 ;
737 990 732 ;
782 451 733 ;
943 978 734 ;
874 173 735 ;
634 740 736 ;
310 430 737 ;
931 288 738 ;
258 745 739 ;
184 699 740 ;
553 951 741 ;
550 714 742 ;
466 667 743 ;
110 530 744 ;
823 240 745 ;
560 543 746 ;
824 297 747 ;
885 606 748 ;
748 181 749 ;
936 974 750 ;
354 922 751 ;
714 16 752 ;
704 646 753 ;
305 962 754 ;
743 841 755 ;
13 296 756 ;
792 563 757 ;
363 611 758 ;
230 473 759 ;
493 405 760 ;
714 53 761 ;
948 538 762 ;
350 833 763 ;
496 450 764 ;
14 432 765 ;
424 721 766 ;
706 491 767 ;
737 410 768 ;
489 42 769 ;
372 232 770 ;
236 737 771 ;
880 28 772 ;
300 243 773 ;
991 882 774 ;
717 485 775 ;
287 783 776 ;
538 235 777 ;
673 241 778 ;
420 169 779 ;
691 435 780 ;
953 468 781 ;
156 659 782 ;
311 893 783 ;
69 152 784 ;
288 793 785 ;
384 524 786 ;
530 616 787 ;
904 182 788 ;
212 896 789 ;
64 281 790 ;
733 351 791 ;
64 271 792 ;
938 737 793 ;
864 358 794 ;
906 908 795 ;
145 211 796 ;
376 301 797 ;
870 39 798 ;
547 291 799 ;
191 187 800 ;
84 927 801 ;
711 966 802 ;
895 967 803 ;
148 107 804 ;
863 564 805 ;
388 596 806 ;
267 452 807 ;
220 205 808 ;
541 84 809 ;
563 447 810 ;
992 61 811 ;
658 720 812 ;
362 880 813 ;
111 261 814 ;
171 654 815 ;
448 607 816 ;
933 511 817 ;
925 829 818 ;
479 425 819 ;
936 694 820 ;
989 325 821 ;
643 608 822 ;
129 215 823 ;
813 671 824 ;
651 729 825 ;
470 996 826 ;
790 481 827 ;
68 504 828 ;
361 180 829 ;
766 885 830 ;
834 566 831 ;
844 768 832 ;
430 770 833 ;
597 261 834 ;
547 885 835 ;
307 889 836 ;
210 302 837 ;
497 692 838 ;
517 311 839 ;
363 521 840 ;
392 833 841 ;
517 182 842 ;
314 585 843 ;
38 28 844 ;
765 156 845 ;
913 952 846 ;
75 757 847 ;
72 505 848 ;
879 669 849 ;
118 779 850 ;
906 425 851 ;
668 117 852 ;
728 165 853 ;
809 597 854 ;
828 524 855 ;
118 220 856 ;
357 635 857 ;
754 24 858 ;
221 793 859 ;
52 338 860 ;
949 317 861 ;
642 376 862 ;
426 714 863 ;
881 658 864 ;
735 999 865 ;
437 642 866 ;
777 105 867 ;
111 505 868 ;
622 920 869 ;
454 451 870 ;
796 573 871 ;
23 153 872 ;
560 778 873 ;
529 133 874 ;
923 933 875 ;
472 224 876 ;
250 466 877 ;
601 29 878 ;
181 834 879 ;
687 916 880 ;
186 124 881 ;
558 963 882 ;
581 669 883 ;
820 203 884 ;
941 274 885 ;
654 737 886 ;
199 30 887 ;
243 760 888 ;
160 124 889 ;
245 83 890 ;
58 69 891 ;
659 308 892 ;
536 612 893 ;
689 717 894 ;
447 376 895 ;
633 633 896 ;
852 544 897 ;
948 433 898 ;
213 768 899 ;
637 507 900 ;
394 643 901 ;
596 594 902 ;
25 839 903 ;
706 185 904 ;
964 951 905 ;
620 22 906 ;
21 280 907 ;
682 557 908 ;
892 372 909 ;
626 691 910 ;
100 611 911 ;
676 953 912 ;
155 624 913 ;
738 721 914 ;
744 375 915 ;
228 139 916 ;
371 824 917 ;
85 396 918 ;
16 143 919 ;
934 332 920 ;
446 554 921 ;
706 819 922 ;
834 740 923 ;
376 79 924 ;
464 354 925 ;
122 565 926 ;
966 799 927 ;
870 121 928 ;
775 608 929 ;
194 520 930 ;
336 774 931 ;
11 707 932 ;
599 448 933 ;
455 967 934 ;
943 389 935 ;
651 389 936 ;
296 357 937 ;
209 130 938 ;
97 937 939 ;
561 562 940 ;
292 36 941 ;
479 610 942 ;
835 349 943 ;
731 962 944 ;
957 278 945 ;
482 293 946 ;
52 845 947 ;
352 3 948 ;
293 160 949 ;
970 236 950 ;
901 621 951 ;
978 197 952 ;
330 187 953 ;
680 780 954 ;
124 593 955 ;
694 768 956 ;
629 173 957 ;
378 464 958 ;
874 462 959 ;
427 831 960 ;
740 261 961 ;
477 792 962 ;
107 181 963 ;
796 752 964 ;
341 118 965 ;
341 243 966 ;
92 319 967 ;
792 774 968 ;
506 472 969 ;
554 982 970 ;
66 248 971 ;
103 695 972 ;
773 481 973 ;
512 647 974 ;
295 291 975 ;
479 35 976 ;
552 308 977 ;
180 11 978 ;
489 328 979 ;
116 831 980 ;
798 457 981 ;
426 890 982 ;
128 218 983 ;
665 986 984 ;
43 219 985 ;
320 109 986 ;
820 423 987 ;
804 593 988 ;
257 668 989 ;
593 552 990 ;
959 72 991 ;
940 864 992 ;
732 472 993 ;
227 221 994 ;
800 695 995 ;
404 598 996 ;
152 182 997 ;
841 632 998 ;
401 506 999 ;
618 444 1000 ;
