0: 6227;
1: 2570(6227)1; 7021(6227)3582; 9353(6227)5878; 
2: 640(9353)1124; 409(2570)1201; 7214(2570)1315; 133(9353)1402; 1628(9353)3129; 
3: 3083(409)604; 8786(409)1120; 298(7214)3311; 1366(7214)4007; 2408(640)4335; 1902(640)5459; 3122(1628)6614; 6377(1628)7812; 
4: 4285(1366)194; 2251(298)2591; 1626(2408)2667; 1606(3122)2749; 1655(1902)3050; 4006(3083)3644; 7345(298)6004; 5020(8786)7879; 
5: 6259(1626)429; 9820(4006)672; 2569(5020)1226; 6231(4285)2566; 1121(4285)4261; 4516(4285)4538; 1589(1626)4906; 2068(1655)5839; 1494(4285)6185; 7625(2251)9009; 
6: 6624(7625)403; 9685(9820)851; 3892(9820)961; 7868(9820)1118; 9500(1121)2523; 9281(2068)2797; 9234(6231)3103; 6003(1494)3478; 9971(2569)3611; 6617(9820)4409; 9467(6231)5085; 9335(4516)5781; 3087(6231)7452; 243(1494)8137; 
7: 4022(9500)229; 6411(9281)1302; 8119(9467)1327; 5647(9335)1551; 7051(9234)1939; 4911(9467)2524; 2749(3087)2649; 8617(9685)3062; 8471(243)4202; 9343(9281)4253; 1861(9281)4301; 5915(7868)4719; 1712(9971)4791; 6427(6003)5493; 4012(9467)5621; 1167(6617)5637; 1566(9335)6044; 8082(9335)6231; 5107(9335)6265; 3507(9971)7601; 7688(7868)8815; 6999(6003)8935; 
8: 416(1167)76; 9708(6427)270; 2410(8471)299; 2714(6427)477; 1244(6411)598; 9797(5647)618; 3516(7051)759; 9499(9343)1322; 9992(2749)1811; 2186(6427)2113; 1222(1167)2184; 5531(4012)2951; 1334(8119)3004; 3485(8617)3705; 7407(1566)4059; 1553(9343)4770; 6311(9343)5760; 26(5647)5906; 1913(5915)5922; 5191(4911)6545; 7032(4012)6620; 8569(2749)6976; 4398(3507)7251; 3781(1167)7603; 
9: 9471(7407)144; 6887(7032)191; 9719(3516)557; 8604(9499)1026; 7656(2186)2297; 6986(2410)3076; 6779(2714)3958; 6851(9708)4035; 1797(1244)4136; 379(3516)4217; 8409(8569)4686; 5964(5531)4914; 5343(9992)5061; 5121(9499)5707; 2646(9992)6493; 4113(3781)6514; 5573(9797)6901; 7633(1222)7257; 7698(8569)7614; 9286(2186)7668; 5112(7032)8110; 3836(2186)8891; 125(1244)8921; 
10: 8832(2646)33; 9662(6779)36; 7559(1797)203; 8922(6779)271; 6995(8604)999; 540(6779)1460; 6991(379)1843; 5860(5964)2148; 9630(5121)2455; 4920(6851)3459; 9195(6851)3568; 9922(9719)4940; 6474(6779)5285; 7845(4113)5481; 9262(5121)5787; 4038(5573)5847; 6070(5343)6217; 1319(5573)6485; 6349(8604)6515; 8461(6851)6672; 4748(6887)6808; 1228(6851)7369; 7924(5343)7994; 6771(379)8074; 4472(7698)8278; 9328(5343)8786; 1981(7656)9276; 2298(5121)9649; 
11: 4520(6995)34; 1017(6995)230; 1763(8461)258; 5274(8832)505; 5971(7845)584; 7385(9662)889; 617(8832)912; 7934(9922)1274; 545(9630)1447; 668(6995)1495; 7175(7559)1609; 2850(1981)1642; 9699(4472)2028; 3081(9922)2355; 3555(1981)2525; 841(6474)2718; 4934(7924)2740; 5879(6995)3057; 2851(9262)3323; 1814(9262)3329; 987(9662)3703; 1747(9630)3748; 1090(7924)3979; 2776(1981)4203; 436(5860)4453; 422(4472)4634; 6495(6991)4735; 6682(6349)4924; 8296(6771)5456; 3235(8461)5940; 8491(540)6110; 4929(1228)6397; 421(8832)7098; 5773(8461)7277; 590(6474)7804; 3245(6349)8523; 1801(7924)8635; 9048(8832)8732; 
12: 3366(1090)452; 4990(6682)564; 6512(5773)940; 7464(5971)1241; 1264(3081)1261; 5574(6495)1465; 9720(436)1683; 6301(6495)2194; 406(1747)2232; 1473(1747)2254; 2822(841)2690; 6441(590)3120; 3762(2850)3173; 4974(1747)3564; 9816(4934)3847; 5405(2776)3931; 100(7175)4006; 6765(421)4183; 6170(5971)5234; 803(545)5334; 788(841)5395; 8372(987)5538; 9397(7385)5646; 8207(6682)5659; 4995(4520)5755; 3661(2851)6934; 3665(2850)7210; 4072(4934)7403; 7959(617)8194; 4121(617)8922; 4969(5971)9122; 9919(7175)9194; 859(3235)9629; 
13: 6422(4072)288; 9508(9397)486; 3506(4072)496; 1479(9720)1078; 3423(7959)1110; 8601(788)1349; 3021(4995)1540; 928(5574)2376; 7735(7959)2546; 6370(8207)3171; 7544(1264)3339; 3486(6512)3486; 5720(4072)3594; 1755(788)3756; 2094(6301)4210; 59(6170)4311; 5371(4995)4369; 3559(6512)4544; 2308(6512)5172; 1540(4974)5204; 2933(8207)5277; 1608(788)5562; 2539(1473)5669; 8582(8372)6536; 16(4995)7150; 8025(788)8299; 5589(7464)8819; 4768(3366)9188; 5668(6170)9749; 
14: 7936(5720)157; 9545(2933)165; 8210(8601)1010; 5291(3506)1166; 8031(8025)1272; 1581(59)1332; 5129(2308)1362; 6135(16)1530; 4667(3486)2041; 3824(1608)2263; 3100(2933)2905; 9279(8582)3018; 6776(8582)3094; 7661(3486)3569; 4103(2094)3595; 3673(8601)3878; 283(5371)4017; 7420(3423)4232; 7040(3559)4316; 8706(1479)5167; 5181(1479)5482; 4691(3559)5639; 4692(928)5823; 2009(3506)6320; 1725(2308)6598; 4610(3506)7540; 8999(3021)7572; 3862(3559)7857; 8657(3021)8368; 9221(928)8883; 
15: 7141(5129)602; 2254(7661)792; 6392(9279)1064; 1989(8999)1080; 3392(2009)1403; 5369(4103)1424; 5544(4103)1604; 3470(4667)1624; 9640(7040)2054; 9869(1581)2114; 9317(3673)2739; 4414(7661)2742; 33(8706)3133; 2450(9545)3268; 647(3673)3426; 5480(6135)3452; 4986(9545)3540; 7543(8031)4185; 9678(7040)4390; 1259(3824)4680; 3581(4103)4883; 7172(4691)5228; 1415(7420)5512; 174(8706)5572; 8757(5129)5754; 7441(4692)7850; 5665(4692)8390; 9211(2009)9534; 953(3100)9692; 
16: 7431(7441)719; 584(1415)907; 9204(9869)1228; 9555(33)1855; 6791(2450)1881; 3500(3581)2357; 3786(2254)2450; 3914(9317)2548; 1304(6392)3433; 622(4986)3672; 8017(9640)4205; 1613(9678)4407; 8632(3470)4558; 4091(3581)4590; 1346(33)5316; 304(3581)5397; 4599(9640)5620; 535(7172)5623; 975(2254)5736; 3182(2450)5961; 7003(4986)6386; 6064(1415)6926; 1929(1259)7483; 2804(9211)7704; 6238(2450)8632; 9405(3581)8693; 2259(33)8934; 
17: 2322(3914)225; 4024(4091)489; 9728(3914)1336; 9853(9204)1641; 3221(535)1901; 9654(9555)2040; 8900(622)2246; 3236(584)2283; 5522(6791)3404; 6354(1346)3480; 3173(8017)3526; 8106(4091)3693; 398(9555)3982; 9850(9555)4122; 1934(9555)4279; 2276(3500)4847; 2584(3914)4860; 3141(4091)4873; 4119(9555)5801; 6567(4091)6159; 5305(3182)6478; 7229(1346)6604; 8468(6064)8153; 9342(1346)8307; 
18: 8383(8900)326; 8356(8106)385; 1337(6567)861; 2295(9654)909; 665(3141)1366; 8934(2276)1468; 554(3141)1565; 8905(3141)1999; 6721(9853)2046; 5758(9342)2062; 1131(2322)2304; 7484(9850)2404; 5657(3141)3570; 9033(398)4139; 6355(4119)4539; 9095(6354)5072; 5808(2584)5269; 9833(2322)5718; 7555(6354)5844; 3894(4119)6379; 1714(2322)7815; 7392(9654)7868; 7657(2322)8355; 6853(8468)9300; 
19: 4273(8905)525; 2297(9033)875; 3471(8383)1731; 6072(7555)1872; 6044(9033)2145; 9250(8934)3089; 3408(8905)3453; 2421(3894)3669; 3565(8356)3701; 3341(3894)3891; 2647(665)4158; 6120(5657)4693; 5916(5808)4915; 2823(8383)5008; 9156(7555)5019; 9299(7555)5652; 675(554)7997; 9945(6721)8370; 9290(8356)8740; 9629(9833)8969; 3668(1131)9348; 
20: 5300(2297)582; 1455(5916)671; 6640(6072)1127; 5221(3471)1139; 5265(3408)1555; 4655(2647)1956; 5028(2297)2377; 7943(6044)2403; 4167(9299)2415; 7052(9299)2859; 5229(9250)3006; 5977(9299)3177; 2994(3565)3684; 6686(6120)3719; 9495(9250)4487; 5205(4273)4546; 4888(6072)4642; 423(9250)5103; 4987(2421)5106; 3526(2297)5605; 2084(9250)5729; 2232(6072)5999; 7729(9250)6105; 1196(9290)6728; 5535(3668)7308; 1917(9299)7368; 579(4273)7532; 7521(5916)7961; 4467(9945)9040; 7771(3408)9245; 5563(2421)9495; 
21: 9003(5229)357; 3753(2084)1021; 8553(7943)1313; 2944(2232)1595; 7185(7729)1708; 6540(423)1949; 9745(2232)1976; 2902(5300)1997; 2256(7521)2047; 9805(2994)2245; 4128(1455)2333; 1836(5229)2369; 4494(7771)2429; 9408(3526)2982; 3449(4987)3053; 7640(3526)3292; 6508(9495)3295; 178(1455)3550; 921(7729)3682; 1103(2994)3692; 4108(4467)3963; 5843(4888)4000; 6131(6686)4491; 8068(6640)4825; 3572(6640)4938; 3609(1196)4953; 2518(4167)5015; 8514(4987)5157; 9815(5229)5197; 8185(5535)5565; 3293(1196)5589; 4486(7771)5719; 5786(1455)6315; 1858(9495)6466; 2032(5205)6853; 6731(423)8087; 4266(5977)8608; 9849(5205)9848; 
22: 7005(5786)54; 1660(2518)166; 4018(6508)567; 2973(178)803; 7020(9408)944; 2491(8185)1056; 6651(9003)1801; 3283(1836)2010; 7423(921)2237; 4777(6508)2453; 1082(8068)2638; 2253(8068)2789; 8229(5843)2916; 8777(2518)2992; 2002(178)3213; 4532(7185)3520; 3704(1836)3630; 8157(3449)3674; 2432(9815)3913; 4622(1103)4063; 8000(4266)4137; 1527(8553)4291; 631(9408)4639; 3717(9745)4785; 6128(9003)4789; 9796(6131)4852; 2226(4108)4895; 1419(1858)5005; 2358(5843)5462; 1700(9408)5509; 5271(178)5552; 1345(8514)5811; 6465(3293)5875; 7418(6508)5885; 9287(178)5972; 8916(9745)6007; 7475(8068)6066; 700(9003)6121; 2349(8553)6384; 2746(8068)6691; 9215(1858)6848; 4854(9745)7065; 8107(178)7392; 655(178)7455; 784(2944)8409; 195(2256)8522; 
23: 8469(1700)92; 2738(2973)151; 5397(8157)197; 9142(8000)254; 4232(1419)305; 6165(8000)706; 7477(784)857; 7195(8157)922; 7481(8157)1052; 101(7418)1081; 1044(2253)1115; 6107(6651)1288; 8801(9796)1454; 2373(8777)1500; 9093(195)1714; 4984(700)1721; 6869(655)1915; 4268(2358)1929; 9565(3283)2075; 9633(5271)2107; 6442(9796)2366; 1175(7475)2735; 1333(1345)2826; 3827(7005)2836; 7015(7005)2913; 5307(1419)3138; 2769(1082)3164; 543(3704)3261; 5923(1660)3271; 6186(8107)3746; 236(1527)4221; 4044(7418)4331; 3174(631)4467; 3707(9287)4493; 8052(1082)4510; 7973(2002)4635; 7952(3717)4781; 3273(7423)5224; 7120(3717)5310; 9260(1345)5610; 9472(4532)5945; 3424(9287)5978; 2320(7475)6236; 9663(1345)6296; 7861(1419)6352; 3035(1660)6474; 7358(7423)6499; 8281(9215)7073; 3934(2253)7515; 3169(2349)8437; 8516(2746)8909; 9934(700)9748; 
24: 7719(3174)185; 2996(6442)453; 3708(6186)535; 5220(8801)928; 8636(543)1217; 752(5923)1379; 3354(9663)1638; 6713(101)1772; 2247(2373)1848; 7599(7481)1941; 3972(7481)2018; 4890(7973)2662; 84(8801)2670; 3260(101)3037; 3431(8469)3052; 8897(2320)3088; 5447(7477)3092; 382(6107)3169; 5782(5307)3207; 9570(9633)3622; 4423(543)3825; 5259(2738)3854; 7864(101)3930; 248(5307)3950; 6267(7358)4101; 5847(7973)4228; 982(3035)4452; 8176(9260)4823; 2039(5397)4833; 2889(236)4838; 9964(2769)5052; 4468(7358)5175; 3362(543)5378; 5972(1044)5409; 1531(7015)5510; 905(1333)5724; 2831(101)5776; 7401(9633)5843; 3496(7120)6367; 3591(9260)6438; 1039(4268)6467; 2008(8469)6563; 4629(236)6787; 150(8801)6923; 8694(3707)7094; 7722(3424)7194; 198(3174)7506; 1688(6186)9612; 2441(6107)9757; 
25: 3477(2441)105; 3720(2247)240; 2844(3354)303; 2150(2996)555; 6412(982)1364; 4823(1531)1548; 6607(5972)2073; 9854(3362)2186; 2942(7719)2222; 5839(5259)2238; 6902(2247)2240; 5023(2441)2314; 7405(5782)2363; 4222(5447)2704; 9231(382)2777; 4364(7719)3017; 9867(5972)3195; 3842(2039)3250; 6184(7719)3309; 415(3496)3428; 9360(5972)3743; 3261(3496)4065; 420(9570)4195; 892(2996)4406; 5125(7722)4415; 5859(5259)4426; 8702(2039)5112; 8619(5220)5243; 1461(5782)5246; 464(3362)5348; 9092(8694)5744; 6446(982)5745; 7922(6267)5829; 8255(5972)6019; 6081(8636)6477; 814(6267)6612; 3833(2247)6629; 5643(8694)6823; 7755(7864)6876; 5204(8897)7081; 5898(2008)7180; 4605(7599)7911; 5801(5220)8296; 994(3591)8480; 8525(3972)9066; 4312(4629)9519; 7375(8897)9995; 
26: 6056(8255)61; 1519(5801)402; 49(2150)468; 9468(8525)493; 3285(3261)528; 9476(6902)626; 1549(9360)825; 6333(1461)865; 2394(5859)973; 2504(9360)1238; 5963(3842)1311; 1224(3842)1426; 5495(9854)1628; 9530(6607)1653; 2857(4364)1920; 5281(9360)2112; 6864(3842)2156; 2732(892)2299; 5278(5859)2597; 65(5859)2685; 9578(8255)2973; 8739(8702)3476; 684(9231)3659; 8071(8255)4126; 1873(4364)4191; 214(892)4194; 1953(6446)4305; 2088(6412)4322; 8914(6902)4497; 5132(6607)4737; 3866(7922)4902; 896(7405)5514; 734(4823)5574; 4654(892)5663; 7470(3261)5764; 4240(8255)5773; 6631(9854)5788; 7900(8619)6825; 3157(5839)6963; 8049(1461)7399; 9876(2150)7534; 8568(2942)7886; 8885(5839)7959; 5018(3261)8618; 2875(9854)8681; 2750(3842)8737; 3551(994)8963; 9210(7405)9725; 9373(5898)9792; 
27: 7996(4654)158; 5600(5495)412; 2799(6056)620; 5062(2732)624; 5689(5132)878; 5547(7900)991; 6109(3866)1030; 7879(65)1090; 5239(6056)1111; 6029(3285)1290; 3155(8049)1295; 4910(2857)1478; 8772(1953)1521; 8502(2088)1603; 9616(5963)1616; 3569(7900)2268; 4368(1549)2383; 9814(65)2610; 44(3157)3168; 7608(5495)3176; 6269(684)3971; 6455(2750)4053; 4722(734)4116; 1834(1224)4477; 9748(6864)4573; 5996(3285)4806; 5051(2857)5077; 5353(2394)5337; 9947(4240)5451; 3308(6864)5712; 8581(9530)5904; 2885(8739)6003; 6828(3157)6409; 3588(2088)6765; 1127(3866)7076; 9843(8071)7327; 7838(214)7555; 6535(6631)8534; 1865(2394)9048; 9047(8914)9307; 4150(8071)9437; 6443(2394)9517; 61(734)9611; 
28: 2627(7608)8; 1597(7838)281; 7307(8502)313; 1005(9947)659; 5083(6269)674; 3321(4910)845; 5615(3569)1183; 7287(9616)1207; 4274(7996)1230; 4828(6269)1430; 8768(5600)1434; 411(7838)2325; 2919(8581)2443; 2663(9748)2949; 8688(7879)3124; 1001(7838)3297; 8744(9814)3408; 9938(5689)3410; 5120(5689)3475; 5824(5062)3626; 8218(7608)3766; 8364(6443)4434; 2625(9748)4617; 7809(1834)4622; 7545(5600)4664; 8500(9947)4748; 8359(2799)5407; 4146(9814)5599; 3678(2799)5797; 2095(5239)5874; 8336(5547)6021; 384(9814)6377; 9622(3588)6734; 5806(1834)6739; 670(6109)6892; 2223(6828)7158; 8726(7879)7846; 3060(4910)8163; 7404(9616)9152; 9228(8772)9244; 4895(4722)9964; 6827(7608)9988; 
29: 3297(8364)50; 688(5824)129; 927(1005)431; 6698(4146)884; 5692(7809)899; 361(2223)1251; 6255(5083)1448; 5441(5824)1542; 6494(5615)1656; 3387(3678)1783; 9957(8768)1960; 9518(2095)2036; 7752(8768)2565; 5579(5824)2897; 400(4146)3235; 1668(2223)3272; 2993(1597)3307; 1957(8688)3362; 943(6827)3863; 6578(5120)4027; 3140(5806)4049; 5713(9622)4433; 7592(7809)4603; 5084(8744)4970; 1266(8364)5699; 2519(8744)5897; 3499(2095)6146; 9858(411)6184; 3043(8768)6186; 8104(9938)6351; 2178(5824)6720; 4340(411)6938; 136(2627)6966; 5985(1005)6989; 8187(2627)7543; 98(8768)7596; 9643(7307)8154; 8690(5083)8560; 6233(4828)9008; 3768(8218)9243; 3342(3060)9323; 7027(4146)9487; 9438(4274)9830; 
30: 2069(6255)280; 314(7752)320; 8105(2993)363; 6633(5441)599; 4053(9858)635; 7116(400)1063; 7891(6255)1106; 6625(3387)1433; 6051(3499)1504; 657(2519)1673; 2409(927)1750; 4439(6494)1780; 9096(5692)1853; 8342(5692)2019; 9525(5713)2393; 6727(98)2608; 5867(6578)2997; 5837(2993)3612; 5327(9957)3879; 7598(6255)3918; 9632(6698)4141; 654(688)4231; 3134(9438)4264; 2540(9858)4423; 2406(2519)5043; 7179(9858)5126; 7884(927)5506; 6482(3043)5836; 3468(6578)5914; 2209(5713)5948; 356(9957)6222; 1302(5579)6402; 9355(9643)6543; 2132(9957)6562; 1565(1266)7041; 8820(2519)7144; 850(2993)7235; 2438(361)7331; 2581(3768)7530; 5130(5692)7557; 7029(9858)8812; 4964(688)9178; 4427(5713)9256; 6375(361)9267; 3399(9643)9932; 
31: 7384(2540)24; 6937(314)35; 5926(3468)418; 6406(6727)965; 4962(7598)971; 3349(4439)972; 1407(6633)995; 6351(9525)1359; 8160(2406)1515; 2759(9632)1684; 597(654)1694; 3411(7116)1951; 6097(5327)2286; 8002(2409)2663; 91(8342)3421; 912(356)3462; 7988(6727)3500; 5384(3468)3947; 8368(7884)4117; 5136(6625)4151; 7713(3468)4703; 5945(1302)4749; 196(7179)5065; 6815(6482)5440; 8729(5327)5611; 4577(8342)5632; 1077(6625)5959; 1106(7116)6152; 6774(356)6224; 5458(5867)6331; 5871(2409)6452; 1352(6727)6694; 2513(2406)7123; 5751(2406)7386; 6438(2069)7432; 8154(6633)7464; 8942(6482)8328; 3443(6482)8871; 3919(1302)9858; 
32: 5141(4577)111; 7257(5945)251; 8633(196)284; 4675(2759)943; 2655(912)1016; 4051(4962)1284; 4054(91)1392; 1085(6406)1597; 8283(5871)2243; 9718(91)2261; 728(5945)2669; 5324(7384)2698; 1373(1407)2798; 9931(4577)2910; 2270(1106)2955; 1726(8368)3051; 7500(196)3122; 992(5384)3263; 8177(4962)3266; 93(6351)3951; 3917(1407)4315; 3007(4962)4344; 760(91)4381; 2028(597)4412; 8798(3349)4417; 167(8368)4578; 9474(8160)4760; 5349(2759)5321; 4480(6937)5609; 8450(1352)6067; 5224(8160)6176; 5551(3411)6263; 9521(8002)6650; 9081(912)6655; 7111(6774)6946; 6992(3411)7086; 8201(8160)8601; 4282(1106)8903; 2946(8160)8962; 
33: 2344(4051)31; 7080(5141)72; 8312(2946)384; 2824(9931)990; 3713(760)1248; 5024(2655)1450; 5100(4051)1736; 7827(8633)1832; 85(3007)1936; 263(4675)2202; 1761(4054)2517; 5027(2028)2672; 6201(9081)2751; 3804(2028)3162; 2860(3007)3778; 2701(8177)3871; 4609(9521)4026; 5638(93)4042; 9961(7500)4404; 7492(9718)4553; 4011(2655)4797; 2879(2028)5558; 2339(5349)5939; 537(6992)6126; 7993(9718)6287; 441(2028)9456; 2380(8450)9614; 
34: 9859(2380)179; 7528(2860)265; 5464(537)294; 9491(2344)417; 2388(2879)485; 7294(5638)570; 9362(3713)648; 8121(85)871; 4392(2879)901; 9066(5638)1017; 9455(4011)1518; 6541(3804)2162; 9799(2701)2374; 813(6201)3848; 6506(2824)4078; 9174(2380)4135; 3956(7827)4288; 8775(7993)4327; 6558(85)4357; 7921(7080)4570; 9051(3713)5586; 5320(5024)5804; 3353(6201)6073; 7833(7492)6699; 9171(537)7024; 5696(2339)8057; 824(2344)8311; 6180(2380)9610; 
35: 9743(824)46; 5900(9799)392; 1880(9051)774; 8627(5320)1034; 6189(6506)1104; 6673(5320)1334; 3556(9799)1509; 1999(2388)2119; 7476(9491)2707; 3331(8121)2772; 7297(2388)3320; 5025(4392)3769; 6337(7921)3876; 3724(824)4019; 2515(6506)4383; 888(824)4460; 6587(3956)4486; 8956(4392)4804; 4824(6558)4862; 3543(4392)4869; 1634(9066)5564; 630(6558)6118; 8239(6506)6648; 2461(6180)7264; 4728(4392)7593; 2123(3353)7962; 6737(8121)8051; 
36: 8731(6737)293; 5435(1999)463; 8594(9743)690; 7976(888)720; 4930(1880)822; 4625(5900)950; 6028(8956)952; 5746(1999)1208; 1737(7476)1262; 5477(8627)1601; 1809(5025)3045; 4413(8239)3184; 7907(5900)3926; 4749(8956)4056; 5402(7476)4509; 7277(8239)5368; 6094(3556)5491; 9715(6587)5596; 6185(6337)5943; 8888(3543)5996; 9535(5025)6389; 3313(2515)6487; 3951(8239)6520; 1924(7476)7752; 1506(5900)8184; 5580(4728)8511; 7433(3724)8790; 
37: 3538(9715)110; 9106(8888)275; 3552(6094)355; 7448(4749)554; 2571(7907)679; 1066(5402)779; 4779(4749)1066; 3532(4625)1170; 2947(1737)2055; 580(5402)2103; 2901(3951)2309; 6497(1924)2395; 1089(7277)2664; 9305(8731)2783; 6931(5402)2979; 3810(6185)3061; 1030(4625)3256; 1637(1506)3281; 5989(6028)3406; 9127(7277)3799; 1852(4625)4153; 3393(6094)4572; 3759(5477)4605; 9550(5435)4649; 2171(8731)4851; 6805(1737)5388; 1525(4749)5603; 7866(9535)5778; 3852(3951)5916; 2699(6094)6220; 8400(1924)6235; 9434(6094)6374; 4798(3313)7377; 4923(5477)7541; 2720(1809)8587; 9135(8888)8959; 
38: 4958(7448)362; 6417(2947)726; 8724(6931)976; 5941(1525)1011; 4129(8400)1659; 4309(9135)1864; 5732(3532)1868; 2494(3810)2095; 1530(2571)2189; 6724(9550)2259; 5411(9106)2411; 9043(3759)2883; 4711(3552)3099; 3302(2720)3137; 7093(3532)3305; 6175(9127)3334; 6473(1089)3720; 7472(3759)4893; 6729(9434)5169; 7145(9106)5301; 7697(1852)5555; 4989(9106)5672; 9485(4779)6051; 8637(9106)6079; 4678(5989)6233; 4341(7866)6410; 1710(580)6767; 3361(3810)7174; 7065(5989)7841; 643(1852)7845; 3784(7866)8345; 7105(1089)8462; 6079(5989)9332; 3930(7866)9618; 9464(3759)9634; 
39: 3047(7145)408; 5949(4129)708; 5521(5732)770; 7121(4129)1405; 626(6417)1497; 866(4129)1668; 7720(2494)1797; 1976(9043)1847; 5163(3302)1899; 1633(2494)2142; 8949(6417)2380; 5093(5941)2475; 4261(4129)2681; 3330(6729)2938; 6489(8637)3251; 2125(4711)4836; 5423(7472)5056; 2245(4989)5105; 1324(1710)5289; 2621(8724)5557; 252(7472)5624; 2477(6417)5705; 2880(1530)5733; 2024(5411)5831; 3015(9485)6399; 6282(5732)6559; 4653(7472)6606; 8319(4678)6723; 1932(3930)6886; 8428(4989)7062; 7977(7472)7387; 6877(4711)7894; 2747(9043)8157; 6611(5411)8710; 7389(6175)9051; 5252(7697)9497; 8080(5941)9702; 
40: 9537(252)142; 5289(6611)501; 9101(5949)809; 8693(5163)933; 6144(5423)1182; 9857(7977)1375; 2553(3015)1567; 1580(2125)1866; 6011(2477)2122; 4973(1976)2143; 7190(8319)2653; 884(626)3029; 1554(2024)3035; 6796(6489)3205; 9044(5521)3310; 548(8080)3326; 6843(866)3690; 1923(7977)3816; 1045(7977)3906; 2904(8319)4359; 1316(8319)4380; 5359(2024)4470; 2669(252)4494; 4616(6282)4675; 4941(5521)4777; 894(1976)4972; 7957(3015)5078; 4587(3047)5116; 9247(6489)5218; 2231(3047)5278; 1683(2245)5575; 9786(5423)5703; 496(2245)5813; 8266(2024)5964; 446(5093)6145; 5365(2747)6646; 8712(8428)6764; 4402(2024)6828; 4820(2880)7245; 7649(6611)7322; 3434(2880)7325; 4893(2621)7469; 6984(626)7717; 3046(252)8136; 703(4653)9115; 6045(5163)9155; 7047(2024)9200; 6113(2477)9635; 1848(5093)9969; 
41: 4914(9247)514; 9099(6796)577; 3112(496)662; 7495(4820)693; 8586(4820)696; 1254(5359)893; 1504(1683)1023; 5497(1580)1353; 4111(7190)1355; 2827(9786)1357; 6571(7190)1583; 6708(1683)1671; 2694(3434)2724; 8720(8266)2850; 9688(6011)2984; 8307(4820)3024; 4483(5289)3548; 3481(4587)3577; 747(4893)3787; 6461(2553)3835; 1770(9247)4241; 6308(9044)4296; 142(1580)4393; 8808(1554)4451; 7030(5365)4559; 7797(6045)4751; 296(6144)4780; 2362(3046)4819; 4015(1580)4944; 4109(1554)5588; 4555(6113)5881; 6287(496)5890; 2667(2553)5962; 6393(8693)6202; 6755(4941)6254; 5091(4893)8158; 9988(9247)8403; 6831(1923)9004; 
42: 4528(747)178; 9028(3112)244; 276(6308)291; 8753(5497)388; 4346(8720)556; 4553(1770)640; 6756(7495)903; 6345(6755)1231; 2067(3112)1421; 1125(6461)1751; 1481(5497)1914; 7164(9688)2849; 1907(4015)3000; 4991(4914)3003; 9332(7797)3239; 3996(1254)3321; 3884(8720)3641; 203(2667)3872; 2488(142)3955; 5783(6831)4060; 36(3112)4481; 1032(8307)4631; 3053(6571)4654; 6863(3481)4657; 482(1770)4802; 1116(8720)5109; 9333(4015)5225; 3749(3112)5411; 9425(4015)5678; 8305(6308)5822; 6496(6287)6295; 9975(4109)6364; 9997(9688)6641; 2452(6571)6704; 5310(4914)7199; 7070(296)7340; 353(6708)7554; 62(5091)7599; 7914(6308)7657; 5039(4109)8088; 9649(9688)8507; 3077(3112)8582; 5710(8808)9791; 
43: 1283(4991)6; 3729(1125)127; 9089(8753)243; 9813(3996)379; 1507(1481)558; 5943(4346)596; 2206(9425)1015; 566(203)1459; 3370(7164)1707; 2890(2452)1944; 6662(9028)2550; 5516(8753)2609; 3628(3749)2684; 9534(2452)2786; 8382(3749)3114; 3889(1125)3166; 5322(3749)3341; 7396(9649)3519; 2908(9425)3522; 2050(5310)3545; 2507(1481)3679; 693(4553)3824; 155(203)3845; 1434(3996)4145; 5276(1481)4437; 965(9975)4551; 2172(3884)4945; 5426(3749)4959; 3229(3053)5573; 3925(6863)5666; 8817(5310)5863; 8374(3749)5928; 8133(482)6111; 2160(5310)6444; 5162(5710)6785; 9311(2067)7001; 1429(7070)7090; 6638(1125)7169; 3622(1125)7334; 4734(1907)7563; 21(7914)7714; 6983(4346)8039; 818(9649)8477; 8858(2452)8759; 1571(5710)9059; 
44: 4960(3370)81; 3269(965)94; 8705(5516)523; 5460(8382)590; 825(4734)625; 467(1507)699; 1355(818)718; 2328(3229)722; 6842(1434)754; 3039(3925)975; 1793(3889)986; 8679(566)1618; 9253(21)2211; 4816(6983)2258; 6634(566)2373; 9587(8382)2423; 3177(1429)3026; 8809(2160)3044; 8447(2206)3077; 9315(5426)3107; 2346(1429)3123; 7605(5322)3306; 7014(3729)3509; 7414(5516)3552; 5299(6638)3818; 9861(5516)3910; 5037(566)4175; 5763(2206)4323; 1962(155)4548; 7885(6983)4589; 2288(8374)4606; 7362(1429)4678; 857(5322)4868; 6121(1283)5101; 7223(2206)5134; 1388(6662)5195; 9839(6662)5633; 7197(21)5845; 5630(1507)6048; 3527(8374)6059; 1734(3229)6154; 812(9089)6195; 8666(155)6304; 9(2160)6378; 9249(2890)6733; 8699(6638)6754; 6061(5162)6793; 2390(6638)6838; 4592(21)7304; 7489(5276)7580; 348(2050)7634; 6546(3729)7805; 1694(3628)7818; 6017(2206)7909; 3823(818)7913; 8754(4734)9888; 
45: 7519(9587)71; 5804(2288)80; 6527(9249)387; 2641(8705)592; 9750(5763)651; 7617(8809)1333; 650(9861)1393; 6973(9249)1589; 2876(4960)1664; 4686(3039)1669; 2101(825)1890; 9363(9839)2219; 6637(3823)2752; 9696(7223)2844; 3128(1793)3042; 5822(7489)3350; 8047(9839)3357; 4932(3527)3429; 1335(7362)3496; 4817(8705)3578; 386(5763)3601; 2775(7414)3621; 2640(5037)3934; 1230(7014)4004; 4056(6017)4840; 3679(5037)4894; 1248(8809)4975; 9208(467)5200; 8411(9861)5202; 6703(7014)5317; 6987(7362)5367; 9923(4592)5692; 1888(5763)5740; 1627(2328)5915; 312(3039)6211; 4773(5763)6382; 8482(8447)7481; 1370(5037)7584; 645(1388)7903; 3197(9253)8557; 799(8679)9386; 
46: 6485(4932)22; 5790(3197)537; 3154(1230)837; 5649(1335)1467; 5545(7519)1534; 1616(1888)1729; 9710(4056)1747; 2792(2101)1952; 5673(2775)2412; 5046(9208)2496; 2952(7519)2648; 9523(2641)2706; 4419(650)2750; 325(4773)2766; 6778(4932)2839; 1648(645)2857; 5240(3679)3580; 6322(1370)3606; 489(5822)3618; 7088(312)4003; 9791(7519)4023; 3375(2101)4115; 9128(6637)4177; 1006(2876)4304; 5472(9750)4563; 9366(8411)4630; 2767(1627)4776; 3038(5822)4973; 9823(386)5158; 8054(9363)5303; 2110(650)5967; 1588(4932)6385; 9030(4686)6492; 3390(8482)6801; 9502(7617)7095; 183(4932)7136; 9953(1248)7427; 9825(6527)7507; 8947(4932)8048; 1521(9363)8272; 1703(1370)8416; 4695(4686)8419; 3207(6973)8435; 8848(9750)8699; 8124(2101)8986; 9187(4686)9415; 3250(5804)9753; 5820(386)9851; 
47: 1299(9953)84; 5168(1648)152; 4241(5240)163; 6332(5240)324; 6936(1648)332; 1492(7088)421; 7289(9366)717; 6366(5673)981; 3337(5472)1048; 8625(2952)1075; 8961(4695)1442; 576(5240)1935; 4630(8124)2285; 3740(3038)2332; 4066(1006)2341; 2057(9953)2421; 528(9502)2538; 5440(6322)2540; 1869(3207)2603; 6049(183)3222; 4007(3038)3286; 619(9523)3660; 4612(9953)4190; 3971(5472)4201; 5159(1006)4568; 7456(1616)5248; 1916(5046)5399; 8170(489)5567; 8032(3207)5749; 4176(489)6024; 148(1616)6156; 690(9502)6323; 1874(7088)6601; 5329(1006)6610; 4925(1006)7168; 2290(7088)7254; 7218(183)7350; 2292(3250)7706; 5785(6485)7866; 7718(9030)8361; 3377(6778)8976; 3461(5649)9378; 260(1006)9688; 
48: 7239(7289)69; 9950(8625)175; 1844(5785)217; 122(4925)994; 7135(8625)1133; 6251(3337)1374; 4513(576)1444; 6997(7289)1655; 2333(528)1726; 4864(3740)1846; 4196(148)1925; 5131(1874)2300; 1882(4630)2324; 9717(1916)2425; 4045(148)3465; 3695(4066)3718; 3819(8961)3782; 9102(5329)3843; 6402(528)3991; 6020(576)4234; 513(576)4495; 2402(1916)4599; 7189(4007)5069; 9657(8625)5094; 3289(2292)5098; 8208(8625)5176; 7989(6366)5385; 1593(3740)6875; 8583(7289)6900; 1807(2290)8335; 8224(1869)8449; 378(6332)8473; 
49: 3932(378)68; 4258(3819)159; 1610(9717)586; 2900(8583)732; 9306(2402)1519; 2124(9657)2284; 31(7989)2296; 1257(9657)2676; 1003(7239)3097; 9989(1807)3494; 4898(378)3884; 3939(1882)4124; 1922(8208)4731; 6263(3695)4913; 6024(9717)4987; 2278(6020)5083; 6365(6020)5352; 2840(1593)5559; 6317(8208)5826; 5616(6402)5853; 7754(4513)5899; 1021(1807)5900; 4892(7189)5954; 4070(5131)6454; 3611(8208)6465; 6666(7189)6608; 2508(8583)6748; 8929(6020)7100; 1991(2333)7566; 8018(8224)8151; 7647(8224)8313; 3699(5131)8362; 7646(8208)8626; 9131(4864)8660; 2353(6997)8795; 1535(9950)9615; 
50: 1601(6317)227; 3692(8929)370; 541(1003)617; 1043(3932)831; 3489(4070)1557; 7434(6263)1687; 4060(6024)2129; 1091(7646)4333; 7132(2840)5524; 7576(6024)6368; 278(6666)6649; 521(1257)6758; 211(2900)6987; 3066(2124)7236; 3425(2278)7930; 7983(7647)8643; 6775(8018)8755; 5317(4898)8912; 9445(4898)9533; 4926(2124)9882; 
51: 2503(4060)83; 6211(1601)747; 2815(3692)1580; 9365(541)1931; 9512(541)2044; 4659(4060)2272; 5546(3489)2337; 1281(4060)2801; 4391(5317)3558; 7793(4060)4239; 3475(9445)4402; 6074(7576)4554; 5906(211)5188; 5619(3066)5221; 854(9445)8183; 2843(1091)8398; 
52: 4479(9512)329; 6331(5546)1792; 7346(5619)1887; 8134(9365)2077; 5536(6074)2155; 1129(9365)2360; 9872(2503)2855; 9052(7793)4167; 9528(5906)6268; 1035(4659)6413; 2868(2503)6558; 6715(5619)7120; 4980(6211)9668; 
53: 8416(6331)374; 749(9052)549; 6224(6715)1112; 1850(4479)2090; 2506(1129)2711; 8476(5536)4448; 3438(9528)4583; 2923(8134)4743; 5814(9052)4997; 3783(6331)5702; 7910(9872)6206; 95(4479)6753; 6807(7346)7052; 5339(1035)7516; 
54: 2713(3783)800; 7757(95)2093; 7632(5814)3388; 7731(1850)3905; 6449(2923)4734; 6176(8476)7553; 3306(3438)8562; 7425(2506)8592; 
55: 9803(7757)730; 7768(6449)741; 6373(2713)1774; 6548(7632)2365; 2431(3306)3517; 6542(7731)3691; 9775(6449)3988; 6016(2713)5443; 3615(7731)9875; 
56: 5379(6542)3870; 2271(3615)4814; 9985(6016)6548; 
57: 807(9985)572; 7896(9985)1198; 7630(5379)3846; 8760(5379)4981; 5065(9985)5498; 9751(9985)6031; 
58: 2392(7896)79; 724(5065)539; 3995(8760)3147; 9268(8760)3678; 7802(5065)6756; 
59: 210(7802)670; 2314(9268)882; 5077(7802)2600; 5675(3995)2865; 2807(3995)3402; 8821(9268)3458; 1645(724)3513; 8013(3995)9736; 
60: 9792(8821)85; 6088(2314)574; 618(1645)634; 9057(8821)1948; 3835(5077)2689; 852(2807)3501; 8765(5675)3699; 2128(5675)3713; 9559(1645)8234; 2725(2314)8269; 
61: 9213(2128)2102; 2361(852)3920; 1184(6088)3925; 3459(9792)3975; 5355(2128)4238; 5855(9792)4576; 8963(618)4984; 3923(9057)7026; 4009(9057)8117; 
62: 5456(2361)829; 9180(5355)1995; 6005(3923)2008; 4945(2361)3518; 3716(8963)4067; 3106(1184)5320; 3389(2361)5461; 669(9213)6000; 2202(2361)7138; 6906(3923)9957; 
63: 7324(3716)1803; 8222(669)1884; 9276(9180)2125; 8008(9180)3109; 8172(3106)4244; 3487(9180)4700; 826(9180)5253; 3964(9180)5765; 5455(6906)6822; 5893(5456)6990; 
64: 11(7324)134; 7158(3487)688; 8522(7324)1634; 8297(8172)1724; 1533(3487)1808; 1433(9276)2643; 8338(8222)2980; 3453(8008)4091; 208(826)5152; 7054(826)5271; 5026(3964)5832; 3960(3964)6016; 1138(3487)6228; 
65: 9477(1433)150; 9040(3453)380; 8557(11)667; 4493(3960)781; 9503(1138)790; 3497(1533)927; 1329(8338)1087; 7570(8522)1625; 9569(8297)1648; 3024(3453)1964; 6954(7158)1968; 6644(3453)2002; 2523(7054)2074; 570(7158)2334; 1595(1533)2552; 2855(3960)2590; 9970(1533)3303; 5034(8297)3567; 4325(3960)4307; 2268(3453)4511; 7311(5026)5046; 5507(8522)5055; 2910(1433)5111; 7704(208)6212; 445(3453)6774; 2140(8522)9269; 8199(8522)9330; 
66: 2137(2910)4; 564(7570)210; 3276(1595)807; 4359(6954)1035; 6590(5034)1188; 9409(5507)1553; 4215(6954)1743; 7037(9970)1835; 9798(5507)2161; 8162(9040)2372; 4417(4493)2671; 8746(7704)3206; 4357(4325)3327; 7813(2140)3671; 4422(2855)3859; 883(5507)3883; 6112(2523)4209; 118(9569)4361; 3910(2910)4708; 4492(2523)5159; 3404(445)5267; 3166(9970)5984; 7665(3024)6277; 633(2268)6484; 4277(445)7108; 8290(7311)7234; 3460(2910)7441; 1040(8557)7461; 5798(6954)7754; 5929(2523)8674; 
67: 9668(118)267; 217(118)358; 1843(4422)399; 5149(7037)509; 1458(2137)762; 1591(3910)1224; 6249(4357)1963; 2887(3166)2065; 7486(4492)2127; 267(8162)2346; 1237(7665)2549; 4882(8162)2745; 231(3166)2954; 2585(5798)3230; 5176(6112)3382; 4789(4417)3473; 3473(4359)3636; 154(118)3797; 9310(3460)3822; 4311(7665)4400; 1653(7037)4518; 9356(7037)4525; 806(3910)4788; 5198(4422)4976; 2142(4357)5121; 319(6590)5147; 5424(4277)5199; 2609(633)5339; 5652(6112)5387; 7824(3910)5494; 8834(3276)5726; 4090(4215)5800; 6972(4359)6090; 6793(4492)6369; 4043(4357)6448; 5419(2137)6542; 1579(7813)6665; 8436(7665)7259; 2145(3460)8513; 5452(4359)9372; 3348(883)9907; 
68: 8267(154)177; 5155(7824)193; 9417(3473)266; 2130(319)315; 3610(2609)512; 5036(7486)561; 8646(6793)777; 8040(217)1109; 7938(7486)1191; 5911(4043)1623; 3272(8834)1763; 458(4882)1839; 4426(5149)1849; 5257(9668)2139; 6534(2887)2221; 1305(319)2481; 6153(2142)2513; 3885(9356)2872; 7382(231)3070; 4754(5149)3275; 8827(267)3767; 277(2585)3885; 789(6793)3928; 1375(4090)4154; 1514(9668)4206; 2617(9356)4222; 729(8436)4419; 4793(9668)4604; 9169(1579)4620; 2447(231)4717; 5607(4311)4919; 7653(267)5025; 7607(1237)5206; 8180(1653)5657; 29(806)5786; 5175(8834)6283; 7591(1237)6643; 4456(4882)6702; 5794(2145)7135; 7253(5452)7148; 7667(1653)7685; 6589(217)8219; 7706(7486)8360; 6133(6793)9029; 4570(1237)9346; 
69: 5690(1305)136; 7842(5036)289; 3992(1305)321; 139(7667)968; 9890(4754)1041; 3629(7607)1054; 7626(7607)1061; 6172(7382)1243; 2805(4570)1342; 2228(3885)1456; 6772(2447)1472; 4872(9417)1594; 188(4570)1678; 8909(7938)1942; 2735(8646)2068; 3442(3885)2099; 4462(5257)2131; 8138(789)2141; 5956(7653)2147; 3196(7607)2175; 2599(7253)2234; 856(458)2301; 5754(5257)2564; 4802(9417)2640; 5109(729)2651; 1247(1514)2731; 6709(2447)3079; 9846(5175)3151; 8818(2617)3304; 9543(5607)3387; 3542(8827)3409; 9561(5175)3511; 53(2130)3657; 918(7938)3786; 1638(3272)3886; 3228(7706)3889; 5270(5257)4030; 9991(5155)4050; 104(2447)4172; 3373(5155)4592; 9557(1514)5027; 1459(6153)5050; 4844(7938)5122; 7527(4793)5358; 8570(6153)5446; 8531(2617)5447; 3817(7938)5488; 8059(3885)6194; 7505(5155)6498; 4343(4456)6535; 6000(5794)6684; 12(5155)6860; 1297(29)8428; 3064(29)8822; 3977(1305)8930; 1326(7938)9010; 5285(5607)9605; 
70: 6315(6772)45; 4669(1638)242; 2903(4844)457; 4735(104)510; 9848(4343)515; 6459(3817)691; 8422(139)736; 1269(1247)742; 2883(7842)985; 8362(3373)1032; 6150(8531)1040; 3672(5270)1184; 6758(53)1632; 4233(8570)1745; 2280(6172)1798; 335(9543)1910; 8747(4844)1921; 7749(2228)2039; 4437(7527)2276; 7275(7527)2361; 3413(104)2463; 6893(9561)2612; 2538(9991)2730; 5591(5690)2899; 3305(3442)3204; 2559(104)3302; 9103(7626)3413; 6161(9991)3503; 4478(8818)3656; 977(3228)3896; 9658(6709)3965; 2170(5270)3970; 3520(8059)4163; 6949(8059)4176; 7283(3992)4352; 5336(4462)4414; 2197(4872)4492; 9120(8138)4556; 1287(8818)4567; 6310(2735)4569; 2416(8570)4673; 3585(5956)4792; 7281(4872)5018; 4829(9890)5099; 3697(1638)5485; 3488(3442)5774; 9894(4343)5795; 3899(9846)6132; 5468(8818)6603; 2733(4802)6652; 4940(5956)6827; 3571(918)6974; 9944(8818)7239; 8268(4802)7306; 3760(5109)7420; 9807(4343)7564; 8169(2735)8135; 5777(3196)8220; 5666(139)8384; 2594(9890)8414; 6978(9846)8572; 7677(1459)8590; 8761(4462)8888; 7334(3442)9097; 6378(8570)9204; 143(9561)9640; 6844(6709)9900; 
71: 2696(1269)57; 5560(2280)198; 1113(3571)232; 2391(6459)246; 2354(3899)252; 6552(6150)272; 7644(2170)345; 5604(7275)352; 3531(3571)398; 7848(5468)508; 3897(6459)516; 5332(9103)519; 2212(2883)608; 1992(3413)839; 8485(8747)858; 4035(6949)883; 7106(4233)931; 8881(6150)951; 9111(3520)1059; 2773(6150)1409; 8784(4829)1412; 4594(8422)1574; 551(2197)1579; 4174(9103)1581; 9526(4669)1620; 8528(2733)1719; 4834(3305)1746; 9457(335)1767; 7356(5666)1800; 5119(4735)1851; 9073(3899)2204; 5187(3697)2208; 288(3305)2348; 9936(7281)2356; 8285(2559)2515; 2567(7749)2536; 9510(7677)2543; 933(8362)2545; 7450(7677)2553; 9396(2733)2576; 9959(3899)2652; 4482(7283)2687; 9167(6758)2723; 5968(2903)2802; 8270(2559)2929; 587(4829)3153; 7071(2883)3179; 837(2733)3359; 3682(7283)3400; 2888(7283)3454; 1641(8761)3474; 5695(6150)3534; 9009(3672)3783; 753(6978)3927; 3222(9120)4160; 6430(3571)4226; 8787(6150)4235; 9862(7275)4310; 9896(2170)4660; 4751(7275)4661; 9995(7749)4667; 2700(4478)5144; 5954(2538)5363; 1909(1269)5402; 3557(335)5477; 6966(5591)5714; 3098(5336)5779; 6206(5336)5864; 7378(1269)6028; 8966(2903)6158; 9113(9658)6396; 5366(2883)6468; 2162(9807)6539; 2183(1287)6714; 8120(6459)6866; 9536(2538)6967; 2622(9848)7154; 8957(8761)7225; 360(9944)7283; 8182(5777)7370; 9046(6459)7688; 5232(7334)8073; 1295(5336)8236; 6655(4829)8247; 5245(3488)8359; 9347(3672)8960; 2550(3585)9076; 3(7281)9177; 383(8761)9313; 8766(2170)9750; 5828(4669)9760; 
72: 8204(4482)334; 694(9457)365; 4770(9896)373; 6896(1992)406; 2240(5560)447; 1054(6552)475; 4496(4834)538; 7726(551)673; 1773(2696)804; 3592(2773)840; 4477(8120)978; 9038(9862)1020; 3482(9896)1137; 6164(8784)1203; 2895(2567)1234; 1826(3557)1242; 6989(7450)1256; 9329(9936)1331; 9045(5332)1340; 5263(7378)1499; 6707(933)1522; 9275(9009)1545; 8520(5187)1646; 2926(8270)1773; 5465(1909)1907; 7352(8881)1993; 3989(3)2030; 3684(6552)2035; 3880(8784)2086; 4826(6206)2344; 4149(5968)2465; 2415(5560)2488; 5079(5968)2530; 4715(2888)2650; 5043(9073)2700; 7734(6552)2763; 3317(8285)2779; 2962(9009)2780; 2582(9995)2824; 4956(9526)2890; 6688(7356)2931; 1786(5604)2934; 6202(9396)3095; 9637(8285)3100; 2549(8285)3193; 8394(5604)3215; 1568(9896)3367; 390(2550)3412; 8606(9959)3416; 8541(360)3506; 3462(3897)3521; 8041(587)3608; 9621(2700)3706; 8876(8881)3800; 4761(587)3901; 6106(6430)3904; 778(5245)3984; 1732(9111)4073; 1446(8485)4174; 7917(7378)4371; 8576(2391)4443; 6951(2696)4624; 5779(753)4835; 8609(5695)4889; 9659(2162)4907; 8611(7378)4950; 4048(7848)4986; 5104(9536)5013; 4985(8881)5070; 408(2696)5071; 2812(9113)5102; 5406(2212)5155; 7440(551)5196; 2761(7071)5270; 9856(9896)5386; 6115(8966)5394; 6955(9995)5554; 4019(3531)5645; 450(3557)5785; 610(5560)5806; 9573(9046)5936; 193(9009)6122; 847(1909)6270; 6876(7071)6427; 5113(9896)6732; 1677(9510)6865; 3417(4174)6986; 1709(5332)7030; 2337(9347)7159; 6565(5954)7406; 4963(9113)7556; 5048(5332)7675; 8618(1992)7965; 7252(3098)8232; 1339(5968)8445; 7595(2354)8726; 7496(8966)9164; 7513(3098)9467; 5354(7071)9669; 952(7848)9758; 
73: 2772(3684)241; 5853(8576)327; 7221(8394)415; 8861(1786)534; 6488(9045)560; 5942(6876)588; 6908(3417)636; 1348(6106)752; 6645(7440)801; 6649(4770)855; 1526(9329)938; 269(1339)1209; 7137(2549)1259; 8659(9275)1380; 6917(2926)1394; 6720(610)1550; 1529(8576)1571; 9344(1339)1658; 9810(9038)1662; 6151(5113)1764; 3051(450)1804; 3501(6164)1842; 3756(5079)1916; 4688(7252)1983; 6620(7734)2012; 1866(7352)2049; 488(4048)2174; 4837(2582)2250; 5467(8876)2274; 5930(6989)2438; 5918(6565)2470; 4796(8041)2695; 3546(4770)2975; 4180(8520)3027; 146(2549)3083; 5138(2582)3287; 5778(5043)3298; 117(8204)3419; 5624(5113)3422; 8350(6565)3502; 5035(2240)3504; 842(9275)3529; 8837(5465)3553; 4841(2812)3581; 5323(3482)3600; 4315(7734)3742; 1148(2895)3817; 3667(1732)4086; 4179(952)4267; 7101(9856)4313; 7444(8611)4338; 2672(6164)4545; 1401(5048)4759; 3958(2582)4821; 6163(8204)5081; 7681(5043)5185; 9504(2812)5259; 4183(7917)5308; 1513(7352)5384; 7272(9856)5460; 2605(1786)5695; 7381(8606)5989; 7586(9045)6045; 2595(4985)6114; 7417(2895)6165; 6738(7440)6230; 7831(4496)6237; 805(4715)6292; 2981(3592)6503; 4979(4019)6815; 6075(2895)6882; 1847(6989)7031; 4671(3482)7068; 692(5079)7201; 6194(2926)7232; 3931(1054)7241; 836(5406)7268; 1396(193)7349; 2688(9856)7969; 5446(9329)8174; 7424(3880)8346; 3536(4477)8365; 9681(6202)8763; 2038(1446)8828; 7313(9573)8846; 1233(6115)8887; 5085(1677)8893; 9246(778)8927; 8232(9856)9187; 4365(7726)9237; 2443(5043)9432; 221(4770)9631; 
74: 135(5138)17; 3984(8659)47; 1632(6908)250; 4384(836)261; 5577(1148)336; 2795(1401)395; 4859(5035)444; 555(5942)518; 5748(8861)530; 20(3931)565; 662(3931)613; 2330(6075)637; 8317(4183)705; 2760(4183)761; 2420(5323)763; 5987(7681)775; 2116(8659)778; 5337(2672)793; 261(4365)847; 5677(146)911; 4380(6720)963; 6618(4837)1000; 9039(4841)1036; 3029(4796)1122; 1344(5778)1205; 1775(6620)1214; 6413(3931)1324; 2400(2688)1543; 870(7381)2247; 2422(7417)2388; 3793(7831)2431; 8431(9810)2442; 8862(2688)2461; 4714(3958)2514; 396(1396)2547; 9742(4365)2799; 4650(7137)3012; 8241(6645)3031; 3719(1529)3036; 2841(3756)3111; 8797(7272)3202; 4948(7137)3232; 447(7381)3259; 2612(5942)3396; 7740(9810)3403; 5962(2772)3420; 424(2772)3559; 9324(6151)3676; 1143(5085)3683; 3056(6720)3760; 4278(3546)3774; 3868(1866)4051; 4170(3931)4233; 6559(7137)4254; 7250(5778)4317; 4235(2605)4325; 2921(3958)4355; 2866(7681)4457; 4947(4183)4711; 9176(4979)4931; 5699(6917)4980; 8397(7444)4983; 8089(4183)5007; 6926(4365)5115; 3208(1866)5207; 1905(836)5216; 491(3051)5284; 7138(2038)5357; 7102(2981)5507; 4838(2443)5542; 5780(2605)5635; 2164(9504)5704; 6166(842)5830; 2404(7831)6125; 4753(2688)6293; 8304(7101)6463; 6364(488)6506; 7522(8232)6623; 6919(3501)6703; 8674(3051)6846; 9770(6194)7017; 6174(5467)7550; 3450(4671)7558; 5908(7586)7680; 2496(6163)7919; 1935(2981)8018; 1567(5918)8597; 8736(4179)8662; 1476(3051)9410; 3870(6649)9620; 
75: 5280(7740)43; 1294(1344)120; 60(9176)187; 7766(8241)216; 3109(5962)248; 6280(5699)310; 6795(3029)348; 5236(4384)393; 78(4714)479; 7538(396)544; 4457(135)551; 9978(2420)579; 3467(1632)772; 638(7138)816; 7798(8431)819; 1274(2496)836; 3654(3868)1044; 7044(5337)1171; 3414(6364)1192; 2475(8089)1294; 7703(491)1319; 8257(8797)1356; 4097(447)1400; 9767(8241)1480; 281(7740)1697; 6965(5987)1806; 6821(5748)1813; 527(3793)1840; 8064(8241)1886; 5660(2612)2181; 6528(2164)2351; 5864(5987)2449; 9982(3719)2494; 2572(5780)2499; 5881(2841)2558; 5430(5987)2736; 1482(2404)2748; 6487(555)2811; 7299(5748)2867; 2482(5699)3086; 5382(9770)3110; 2514(3793)3360; 3752(4170)3363; 3566(1632)3411; 9939(8797)3472; 1926(8304)3557; 9801(3719)3844; 9804(2400)3985; 3298(4838)4074; 9615(7102)4128; 4252(7102)4243; 3663(5962)4362; 8969(5962)4463; 6157(3984)4502; 7669(261)4516; 7284(662)4632; 7026(5987)4763; 5892(8431)4875; 399(9770)4909; 2182(6919)4921; 8863(2760)4946; 9753(4714)5014; 6040(2760)5145; 7672(491)5263; 2692(4753)5297; 4550(3208)5405; 2029(7102)5688; 7901(3719)5690; 2455(2612)5711; 459(4170)5809; 9732(5677)5827; 9821(4278)5931; 3119(6919)6140; 3621(2866)6172; 4766(2921)6240; 4664(261)6311; 4897(3208)6344; 7974(4278)6405; 1122(7250)6432; 3850(8736)6553; 5212(555)6578; 8562(2841)6592; 6278(8241)6677; 9387(9324)6679; 9194(2612)6746; 5017(3450)6884; 6500(8241)6918; 9531(4753)7018; 7114(2116)7039; 8465(2496)7093; 3382(9324)7110; 4821(9039)7489; 9968(8862)7524; 3126(1567)7738; 9976(8241)7964; 6156(4948)8111; 8063(1567)8115; 5288(8317)8347; 4946(2400)9199; 9644(6926)9516; 2384(5699)10000; 
76: 2752(6500)99; 4079(6795)307; 4719(4550)547; 4154(2475)664; 9741(7798)713; 934(1294)731; 1952(5881)877; 9809(9978)881; 3772(3663)898; 9638(4821)948; 5995(7901)1086; 7068(7044)1131; 7835(9978)1148; 1152(2475)1218; 375(6280)1250; 3994(7901)1350; 2626(1122)1427; 5627(4821)1491; 7203(9732)1692; 2047(2455)1744; 9540(1122)1876; 678(5892)1889; 8410(9801)2021; 3076(6157)2367; 7354(7766)2460; 2165(2514)2510; 1251(3621)2586; 9053(6821)2793; 7886(4821)2884; 3492(1294)2885; 8921(7766)2994; 7587(6965)3020; 3755(9978)3106; 2727(281)3338; 3176(9821)3450; 7478(3109)3551; 3808(7766)3563; 7597(7299)3788; 5611(7114)3826; 5966(527)4143; 6870(3119)4156; 1911(8562)4161; 9087(6157)4198; 9013(8257)4314; 7738(6040)4422; 4809(9939)4729; 8370(7026)4842; 8904(7974)4884; 4501(7669)4890; 7811(2572)5010; 1454(4252)5074; 671(3663)5299; 5951(1122)5342; 8156(7026)5379; 497(1274)5437; 6226(3621)5470; 5582(7974)5475; 2796(3414)5780; 340(5660)5792; 1343(527)5820; 9192(3654)5886; 6968(78)6054; 9757(3621)6093; 2058(8863)6095; 9636(9982)6179; 2368(3621)6218; 7568(2572)6221; 4931(8969)6297; 644(7974)6560; 7033(5430)6656; 1351(3382)6789; 8153(3654)6889; 318(2514)6902; 9926(9753)7118; 4563(5430)7134; 127(1274)7221; 3685(5881)7226; 3144(7669)7324; 7965(7284)7410; 1532(2514)7547; 457(4550)7730; 1083(399)7835; 4938(8064)8354; 9932(1274)8374; 5451(8969)8614; 8361(6280)8645; 1411(8257)8663; 4156(7798)9083; 6463(7974)9609; 4506(1122)9887; 3822(6528)9906; 
77: 7744(318)253; 7201(7203)300; 8380(3755)394; 3271(1251)433; 1379(9638)546; 5960(8361)677; 6232(127)974; 8112(9053)1037; 7347(644)1091; 5565(9540)1180; 3777(3076)1213; 5595(7811)1363; 6416(8904)1386; 9232(1454)1408; 2847(5451)1457; 2310(644)1471; 6414(678)1520; 1751(8156)1524; 6060(7738)1563; 9716(5966)1584; 5254(2165)1612; 8652(3176)1640; 8844(318)1651; 2405(5582)1690; 7562(1952)1852; 2715(2047)1986; 9159(4079)2038; 4352(8904)2144; 51(4809)2171; 815(9013)2199; 8345(4719)2275; 511(9053)2290; 6173(2752)2492; 2589(4563)2498; 4902(375)2528; 8354(7354)2583; 4894(9741)2584; 4615(4079)2691; 2665(497)2896; 6885(2058)2901; 2967(6463)2981; 3601(9636)3178; 8763(8156)3188; 4738(2727)3212; 6945(9013)3394; 6409(3755)3425; 7770(1152)3619; 2826(9053)3643; 7395(4809)3664; 915(4154)3880; 5474(4719)3914; 7398(9757)3935; 3820(678)4046; 3829(7811)4127; 3188(7597)4485; 7690(6870)4601; 6822(5995)4736; 403(3076)4994; 5524(5951)5012; 904(9638)5026; 5173(8156)5247; 451(7587)5249; 5188(3755)5256; 3110(1251)5353; 9769(9013)5412; 4190(5582)5489; 7997(2058)5532; 8271(5951)5551; 3593(5451)5681; 4431(4719)5805; 7479(6968)5911; 829(7738)5918; 5152(8921)5932; 8493(8904)5950; 4850(318)5953; 9058(644)6011; 505(2368)6232; 7182(7354)6365; 1615(8153)6387; 113(4563)6390; 9357(678)6674; 401(3994)6820; 5318(7203)6904; 4096(9636)7004; 6679(1083)7198; 7694(4156)7227; 9564(6968)7404; 4778(7886)8172; 7480(644)8309; 4327(7587)8599; 710(4079)8742; 9422(6968)8850; 6286(8410)9125; 6814(1454)9295; 
78: 40(7347)63; 3412(5474)65; 6320(6414)66; 6183(7744)156; 5267(4190)199; 3190(7690)207; 4134(6409)237; 7925(3593)260; 8958(3820)295; 4508(7201)306; 7400(2715)375; 8836(8493)391; 4245(6409)407; 5592(5524)414; 2385(3829)470; 271(8380)507; 5626(3829)513; 6335(9159)612; 8899(9232)619; 8790(4778)716; 750(3188)743; 667(8380)745; 7818(915)906; 8125(5188)1003; 9118(451)1050; 6907(6414)1239; 352(7770)1305; 1964(4190)1399; 5880(2405)1428; 3728(5152)1541; 2955(8345)1635; 5774(8271)1660; 5344(2826)1753; 3562(4190)1761; 4251(7562)1790; 6158(113)1871; 5550(7997)2050; 6299(2826)2098; 2193(5524)2154; 6519(7562)2178; 2041(2310)2280; 5348(7182)2409; 3307(7182)2626; 5903(3593)2756; 3320(7395)2820; 4903(2405)2927; 1410(710)2941; 8325(829)3039; 3352(8345)3220; 6905(6409)3245; 2434(915)3290; 1390(6414)3316; 6395(4738)3395; 7928(401)3438; 8776(511)3471; 302(9058)3477; 189(7562)3541; 4679(6822)3727; 7517(8844)4079; 2656(4615)4106; 876(6679)4171; 8258(511)4213; 8140(8271)4282; 3070(51)4612; 5251(8345)4716; 2695(4431)4740; 6685(9058)4786; 4759(4902)5040; 4721(8763)5288; 5518(6060)5324; 9773(8380)5490; 130(1615)5658; 5264(904)5721; 170(5173)5991; 2786(1615)5993; 7391(4352)6197; 1536(5173)6429; 99(3777)6495; 6751(9716)6813; 4425(6060)7036; 6139(5152)7056; 2289(8844)7057; 8275(5474)7212; 5253(5173)7240; 9298(8271)7246; 6897(5188)7261; 6855(6409)7417; 2657(3601)7844; 6063(5254)7870; 2336(4327)8040; 6802(6416)8064; 5234(3820)8685; 4453(6679)8884; 5005(2310)9084; 7554(5318)9360; 9824(6173)9389; 4075(6814)9963; 
79: 8467(99)7; 1754(3320)25; 5260(4251)39; 9993(2955)219; 2610(8125)548; 4862(8776)607; 392(3320)610; 9059(2656)616; 5154(6751)887; 4446(4903)982; 115(7928)1019; 6852(3728)1151; 256(5348)1169; 9567(271)1178; 2463(876)1370; 8815(8776)1569; 3855(6855)1610; 565(7391)1693; 9031(271)1833; 3618(3562)1857; 3860(6320)1924; 4490(40)2042; 5044(3728)2185; 3078(2656)2212; 561(8790)2251; 404(6897)2316; 5585(3190)2335; 9758(7391)2457; 9817(6905)2479; 7236(5251)2585; 770(6299)2661; 6669(3562)2683; 8903(352)2686; 1757(1410)2804; 5809(1536)2815; 114(8258)2875; 3544(2434)2894; 9339(2695)2914; 8445(8958)2915; 9492(6855)2917; 4037(8958)3032; 2034(6751)3116; 6872(9298)3140; 1640(4903)3182; 4208(2041)3209; 8037(8899)3269; 8853(2193)3276; 8272(8125)3279; 5388(9824)3335; 4298(5550)3355; 9586(4903)3376; 3426(6685)3488; 8193(7391)3616; 3159(3320)3729; 470(7391)3803; 5955(8125)4062; 7909(667)4095; 5(8140)4098; 6273(1390)4249; 7490(6320)4312; 5453(2434)4392; 768(6335)4396; 2951(667)4849; 7654(2041)4878; 2000(7400)5117; 3089(2955)5154; 2869(352)5235; 3626(3320)5250; 6711(271)5361; 7782(7517)5528; 9651(2193)5608; 7152(3307)5638; 976(2695)5640; 8487(8958)5653; 8505(3352)5738; 8005(5592)5803; 7784(6158)6035; 6927(7400)6180; 6555(5626)6264; 8794(6685)6794; 5114(170)6954; 4248(3352)7145; 9730(8258)7196; 2382(8125)7231; 5277(5626)7644; 4566(5251)7743; 9595(3412)7762; 2281(6299)7787; 1520(4759)8388; 9441(7400)8420; 3282(6802)8466; 6491(130)9128; 69(8836)9320; 9223(750)9465; 
80: 9707(4208)9; 8658(9730)104; 6445(7654)108; 2195(5277)131; 2332(3860)174; 6246(7236)206; 5984(6491)262; 9600(7784)264; 6142(8794)346; 5342(4298)354; 1308(8853)437; 6830(9586)563; 3241(5955)609; 6687(1754)695; 3355(770)751; 1657(470)897; 1199(470)900; 2301(6711)945; 5022(9031)1095; 9516(9730)1138; 2249(8037)1237; 3737(8815)1257; 7094(7784)1300; 4198(8505)1464; 1188(4490)1488; 1856(256)1529; 3798(114)1680; 6240(6927)1854; 2959(565)1923; 3509(2000)1945; 3867(256)2051; 4707(9817)2084; 4388(9817)2121; 8910(3426)2354; 9198(3282)2407; 6970(9059)2487; 2325(565)2599; 4105(4862)2717; 9704(6669)2758; 9653(8193)2827; 6834(5154)2970; 614(7152)3695; 4531(2463)3731; 8311(115)3850; 1272(7909)3895; 6697(770)4173; 5609(3159)4230; 7609(9492)4281; 5157(9993)4343; 3359(9492)4520; 3158(6273)4588; 5878(9567)4627; 7534(9031)4681; 4725(8505)5036; 5421(9993)5168; 9203(3544)5294; 7318(2951)5340; 158(1640)5566; 8565(9586)6494; 6367(2951)6742; 8499(115)6778; 2398(7654)6899; 3681(3618)6915; 2117(9339)7204; 2476(8505)7214; 800(6555)7338; 1014(1520)7647; 673(3618)7803; 7627(2034)8273; 232(3159)9168; 3711(5809)9257; 1758(6711)9797; 
81: 7043(5157)88; 3127(2476)91; 589(3355)184; 9583(6142)190; 1435(6830)364; 2591(6246)459; 111(3355)492; 4296(5984)517; 8792(2959)581; 8217(9203)700; 6145(4531)826; 910(6834)953; 6140(3798)960; 5885(6970)1043; 2163(8658)1049; 334(7094)1152; 2386(1199)1167; 8661(1308)1266; 9414(7094)1303; 8740(2398)1318; 2370(1199)1435; 6399(5157)1473; 1359(2476)1566; 1667(4725)1575; 3088(3158)1686; 8273(4531)1795; 3598(5157)1900; 7990(5421)1918; 8869(2301)2007; 6077(5022)2023; 2635(3241)2197; 8980(8910)2433; 8323(232)2436; 7142(5878)2516; 2429(3737)2629; 8390(3798)2737; 8597(7534)2768; 4382(6240)2828; 4581(5342)2848; 4289(6830)2856; 6785(3681)2957; 7211(6970)2972; 1232(1188)3108; 4899(9203)3157; 5997(1272)3646; 8849(1657)3728; 3407(5878)3921; 4727(1014)4081; 7717(2398)4123; 9116(3241)4129; 1468(3509)4188; 485(5609)4330; 7871(1272)4662; 7876(8499)4692; 5917(9653)4899; 4320(232)5068; 6361(9203)5095; 3275(2117)5212; 5601(2398)5244; 2891(7627)5347; 9358(9600)5403; 3178(4707)5654; 3965(158)5751; 5539(5609)5960; 1099(5609)6058; 9927(7094)6115; 5743(5157)6205; 536(4105)6261; 3125(2325)6288; 5994(3509)6363; 2149(8311)6574; 7629(2195)6577; 6693(4198)6639; 3254(8910)6790; 4891(2959)6850; 7577(7534)6869; 5444(3158)6920; 6217(8658)7067; 2530(2959)7354; 8188(6970)7454; 8591(1272)7813; 8496(9203)8008; 2670(1199)8056; 2606(614)8585; 7108(3509)9724; 
82: 718(1099)56; 6467(7211)361; 959(3254)591; 7666(6077)611; 2401(2163)627; 1819(9414)630; 6290(6785)811; 1573(1435)814; 4171(1435)864; 4698(5997)1225; 8459(9358)1260; 3085(5539)1384; 9675(3275)1458; 3903(5539)1506; 2480(589)1741; 3788(2163)1895; 5542(9583)1991; 3156(5539)2053; 3067(8792)2076; 1185(8597)2207; 5170(2429)2229; 7995(5917)2273; 4869(4382)2317; 7017(4727)2495; 5771(3178)2505; 6035(2530)2569; 2800(6693)2592; 6329(7577)2601; 6676(3088)2709; 2493(8273)2720; 7338(6077)2795; 8216(1359)3199; 3212(1435)3377; 9245(3407)3751; 6517(1667)4090; 7610(5997)4169; 3363(9927)4270; 1587(1435)4295; 1164(8597)4484; 1181(5743)4536; 2004(3127)4824; 7242(6399)4859; 9539(9116)4887; 9189(5743)5003; 1087(6399)5057; 5261(2163)5086; 1277(6140)5205; 3495(536)5211; 2638(3088)5531; 9424(6145)5641; 48(910)5894; 9722(3275)6109; 7291(2149)6124; 3447(2635)6269; 3033(6399)6482; 592(8273)6517; 1314(5539)6937; 6271(5885)7021; 6460(8390)7467; 9465(6140)7607; 1735(3275)7739; 5286(2591)8071; 2820(3965)8091; 4095(6399)8504; 1833(8792)8550; 9423(3275)8833; 6575(3275)8954; 7561(6145)9047; 
83: 7888(5542)32; 3344(1735)218; 8261(1833)396; 5338(48)522; 2436(6290)569; 5765(5542)589; 2544(1087)643; 6213(4698)767; 926(2480)828; 8946(48)979; 6006(6460)1577; 3938(2493)1893; 6066(3447)2150; 1508(5771)2183; 1966(1819)2658; 1510(6517)2665; 914(8459)2721; 7858(9675)2764; 4211(9424)2932; 4385(7291)3146; 2830(9675)3197; 7553(1314)3576; 5735(1277)3602; 3010(6676)3860; 5408(6460)4044; 5433(4698)4076; 4155(3156)4218; 7855(3363)4227; 6964(2401)4537; 3152(9465)4687; 6343(5542)4725; 1354(4698)4926; 9134(7291)4979; 4487(7610)5088; 1261(8459)5364; 5761(5771)5495; 4765(7338)5530; 4300(3067)5701; 2643(7017)5756; 4226(7291)5858; 6725(959)5937; 757(3156)5997; 4631(4698)6149; 9146(3903)6321; 6099(9189)6857; 8588(1185)7013; 6198(2800)7079; 9072(4869)7206; 4157(9245)7436; 8554(2800)7471; 8316(6329)7492; 2460(9539)7500; 5146(718)7626; 4255(3363)7698; 6832(9189)7980; 1572(9424)8190; 156(959)8257; 5747(3033)8623; 8365(7666)8775; 4515(6517)9064; 1033(9539)9847; 
84: 4988(2544)568; 2817(9072)645; 8214(4155)824; 1178(4385)902; 2087(1510)1060; 5482(4385)1436; 5404(6213)1445; 8234(5761)1451; 2632(5735)1501; 5383(8365)1727; 4912(4487)1861; 5139(2544)2167; 3921(3010)2226; 2956(6213)2252; 9122(4255)2298; 1939(8554)2430; 8558(6725)2493; 4614(2544)2741; 820(8946)2819; 2576(4631)2845; 1279(3152)3165; 5745(3010)3257; 3253(8946)3599; 9143(4155)3715; 1611(3010)4555; 8600(3010)4813; 3258(4631)4999; 8612(5765)5020; 8126(4765)5332; 3262(5735)5333; 123(2544)5370; 46(4155)5520; 6420(8588)5680; 8964(6343)6065; 5287(8554)6136; 7980(914)6273; 5058(4487)6472; 4358(7553)6628; 8145(6099)6724; 4153(5765)7109; 4604(757)7175; 4881(4211)7203; 6866(6099)7276; 4390(6213)7379; 6013(5338)7785; 5504(914)7893; 8529(5408)8861; 9109(4765)9349; 707(6198)9591; 
85: 3165(4988)343; 9667(3921)383; 7181(2576)576; 2690(707)782; 4125(8529)997; 83(3921)1873; 845(8126)2126; 1823(2817)2322; 9737(4614)2384; 2936(4988)2574; 2357(2576)2716; 7180(6420)2989; 8782(8126)3055; 160(8126)3160; 3160(8558)3874; 1678(4912)3916; 38(46)4094; 860(3262)4111; 727(4604)4454; 6694(3262)4670; 3005(4912)4793; 8462(4988)4966; 3950(8214)5089; 1286(8214)5601; 6479(4614)5783; 5396(1611)5942; 355(2087)6078; 9185(2956)6160; 8434(5058)6281; 5670(6866)6336; 9019(4912)6434; 4676(8126)6873; 3953(2576)6971; 6628(2956)7384; 1980(3253)8076; 2658(2576)8124; 1769(4988)8529; 8859(4358)8638; 5515(707)9304; 
86: 4687(2357)41; 1036(3950)456; 5760(160)506; 6134(9737)1397; 2367(2936)1815; 7454(160)1856; 4666(845)1880; 6356(6694)2160; 3515(9185)2305; 1380(3165)2359; 1912(5396)2702; 6903(7181)2743; 3210(2357)2920; 4865(83)2950; 7542(1980)2990; 1108(9185)3468; 2985(3950)3572; 8131(8782)3932; 3545(38)3992; 9575(1286)4397; 4742(2936)4420; 2779(3005)4691; 9222(2936)4750; 9582(6479)4808; 1881(860)4911; 6901(3950)4961; 6680(355)5420; 1560(845)5548; 8464(9737)5630; 5728(3950)5647; 5380(38)5696; 8756(5515)6010; 4874(5396)6020; 7873(8462)6255; 3651(355)6307; 9879(7180)6346; 1282(160)6634; 1811(160)6715; 9082(5670)6878; 6243(9019)6940; 8695(355)7497; 2766(9019)7670; 8442(8462)8237; 1225(845)9443; 2200(1823)9499; 9551(9185)9537; 1851(8859)9715; 
87: 112(1225)21; 5140(3210)29; 9200(7454)233; 5939(7873)325; 4716(7873)753; 1074(3651)1024; 5123(4865)1097; 4110(1380)1254; 8669(8695)1411; 717(1282)1699; 2987(2779)1717; 7140(9575)1892; 120(2779)2048; 1475(7454)2389; 1654(8131)2580; 6925(4687)2787; 1457(2985)2846; 6601(5728)2886; 8164(5728)3346; 5851(3515)3467; 9840(9582)3665; 1029(6356)3997; 9466(5760)4015; 6108(6901)4182; 9345(6243)4248; 233(4865)4269; 6486(6134)4388; 5471(9222)4465; 6706(3210)4483; 4935(5380)4615; 3427(3210)4625; 8035(1811)4689; 5683(1811)5017; 2293(9082)5090; 6254(6903)5129; 3605(4865)5160; 4025(3651)5335; 9864(1881)5372; 2678(5760)5374; 4769(4666)5465; 8537(9575)5706; 4207(1380)5923; 4324(1811)6196; 7947(7542)6400; 3687(1036)7842; 5190(9551)7968; 6979(4687)8336; 8466(2200)8731; 7107(1282)8738; 6910(8756)9046; 3809(2766)9252; 2751(9879)9861; 
88: 6718(8537)143; 7337(1029)439; 3857(7947)587; 2893(6108)689; 1463(4025)697; 2907(3427)1072; 6568(6601)1102; 6306(8164)1222; 2176(6925)1229; 1137(4935)1306; 7077(5851)1312; 1389(120)1314; 8982(5123)1390; 3045(7140)1416; 216(8466)1614; 4595(1654)1819; 6039(3687)1867; 2216(5851)1926; 8454(9345)2085; 2044(4716)2106; 4799(7140)2130; 7748(6108)2362; 8723(4207)2408; 6330(4935)2424; 1596(4110)2490; 3517(9840)2533; 107(8537)2560; 744(9840)2660; 200(1475)2673; 7882(4935)2830; 7615(4769)3015; 8971(717)3033; 6195(8035)3196; 8542(2987)3225; 3049(8035)3466; 8555(6925)3633; 2511(8537)3716; 4806(5939)3887; 2845(8537)3912; 9593(5683)4018; 3415(8164)4072; 2215(6601)4260; 658(8537)4519; 9703(2678)4547; 9952(5123)4709; 5978(120)4865; 8242(4110)4918; 3099(5683)4933; 354(4207)5280; 1822(6925)5380; 5829(4716)5467; 7342(1074)5500; 2098(2987)5665; 9337(6601)5720; 1190(1475)5983; 9037(112)6141; 1139(6706)6253; 8519(3605)6763; 4861(6601)6826; 7269(9864)7142; 2683(9200)7149; 7839(7140)7594; 5215(6486)7711; 331(5190)7823; 7523(4324)8081; 6944(4716)8452; 7344(5190)8552; 8523(717)8854; 
89: 7045(1463)26; 7186(6944)192; 808(658)441; 3264(5978)474; 5826(6306)622; 609(200)780; 6326(8242)1119; 4434(4595)1265; 581(5215)1270; 7758(8982)1608; 9898(8242)1756; 9110(1137)1930; 897(3857)1965; 5802(200)2123; 4317(331)2149; 6868(8982)2446; 8507(1190)2482; 4628(7077)2526; 7368(8982)2624; 3690(200)2628; 9736(5829)2631; 5669(8971)2754; 5768(7337)2803; 8308(8555)2812; 6920(744)3041; 4554(8454)3047; 1491(4595)3081; 2634(8982)3174; 97(1137)3254; 4049(7077)3332; 510(8242)3361; 7302(9703)3383; 8830(3049)3461; 4626(658)3861; 957(1389)3865; 1322(6039)3924; 9412(8971)3966; 4939(658)4034; 5532(1389)4077; 1970(1463)4256; 1776(6306)4621; 5594(5215)4807; 1321(9593)4811; 7166(2216)4896; 8560(3049)5128; 3105(7523)5508; 9656(354)5578; 9705(1596)5748; 228(4861)5828; 3200(1139)5837; 6884(6568)6009; 6215(1389)6062; 5548(2511)6098; 8874(6330)6123; 2042(2845)6130; 4632(4799)6183; 9577(2907)6338; 402(1463)6414; 5680(4861)6430; 126(9337)6593; 2033(9952)6831; 9191(7337)6917; 8295(4799)6935; 4887(9703)6975; 9309(2907)7238; 5922(6306)7727; 2227(6039)7865; 9254(3049)7951; 9205(7337)8031; 9304(9703)8447; 
90: 8298(8308)263; 1399(7166)424; 8895(9110)531; 2426(1491)585; 5237(4434)1141; 9907(5548)1385; 7156(808)1532; 3225(9309)1755; 481(957)1837; 2977(5922)1844; 3270(228)1917; 6537(2227)1970; 8810(3690)2017; 6531(6920)2190; 1258(9736)2726; 8492(4628)2729; 5148(4626)2738; 3646(5680)3016; 7807(3105)3136; 878(5669)3340; 4927(7166)3423; 3465(5768)3456; 7872(8507)3464; 4764(4632)3523; 5672(5802)3571; 429(1321)3680; 5003(5594)3761; 8150(7758)3793; 3911(402)3830; 8194(510)3888; 5420(4939)3890; 7422(8830)3922; 3564(4434)4014; 9291(9412)4113; 6509(4628)4179; 8696(3690)4302; 2445(5594)4674; 2661(9736)4948; 713(3200)4978; 4135(897)5107; 6025(1970)5192; 5554(5768)5203; 529(8874)5242; 8994(8874)5262; 8585(9736)5360; 3535(402)5398; 6431(9705)5527; 8678(3690)5867; 5667(9705)5955; 1439(4632)6001; 4163(228)7099; 487(6884)7140; 9015(2033)7178; 4994(228)7466; 5793(9736)7503; 1971(9205)7526; 844(7368)7598; 9437(1321)7679; 1612(3105)8222; 7078(9304)8453; 430(609)8537; 5385(5594)8714; 1263(402)8747; 7659(8874)8804; 3455(3105)9050; 1838(5548)9074; 1727(5548)9119; 2630(7758)9821; 
91: 1172(6509)13; 5448(429)16; 898(8194)188; 6783(5793)212; 1150(8810)331; 1564(6509)786; 3778(9437)838; 1684(8696)1173; 8735(9015)1287; 8783(6025)1372; 1367(7872)1443; 6318(9907)1498; 5712(5672)1617; 3680(5148)1679; 5350(5793)1702; 7816(3465)1850; 2490(2426)1882; 8920(5385)1954; 7769(529)1977; 1500(481)2006; 6127(878)2069; 7931(8585)2323; 9776(4163)2506; 9395(3564)2512; 4461(1439)2535; 3479(1612)2703; 9999(1263)2753; 1140(2661)2759; 9844(8194)2964; 9686(3646)3391; 6118(6509)3624; 494(7422)3687; 2011(5420)3765; 6850(3465)3773; 3826(6531)3798; 2698(7422)4020; 4591(8895)4334; 3891(8585)4916; 9882(3564)5049; 8630(8150)5281; 517(6531)5350; 659(1971)5516; 7975(4163)5662; 7469(5672)5907; 6388(8194)5929; 991(5420)6524; 8718(3465)6803; 3548(6537)7046; 3533(5420)7301; 3848(3225)7482; 8995(6509)7592; 476(878)7896; 4775(1727)7925; 9794(429)8180; 4062(2977)9183; 2943(9291)9278; 6996(7807)9680; 5189(6509)9808; 50(3911)9828; 
92: 5831(1500)164; 6812(3826)301; 7548(6850)304; 6110(7469)312; 8060(1564)405; 4400(8783)426; 7087(6127)668; 7709(6850)675; 3350(2490)766; 6092(3848)1227; 4788(3680)1514; 9220(5350)1677; 2896(6850)1827; 8642(1367)1934; 1644(9686)1953; 132(8718)2187; 8769(5448)2581; 1275(6850)2692; 3266(517)3046; 2131(1684)3183; 1691(6127)3258; 5297(6388)3277; 6990(4062)3322; 5501(8630)3372; 3792(9844)3556; 5375(898)3589; 5590(9395)3638; 3136(991)3836; 121(898)4144; 8738(7469)4350; 4112(7816)4439; 5434(5712)4540; 268(7769)4772; 307(7975)4901; 6347(494)4925; 7463(1500)5066; 5850(9776)5279; 9871(9395)5840; 1203(1564)5880; 5905(9999)5912; 385(3891)5921; 1815(1684)5927; 6912(5448)5980; 8014(8735)6375; 3215(1500)6607; 7112(6850)6784; 9000(6118)7611; 3738(494)8020; 8097(9999)8100; 6114(7931)8240; 7564(3548)8664; 2319(9882)8876; 6323(6318)8978; 8654(6783)9086; 3525(898)9914; 
93: 5485(307)14; 8277(3266)62; 3537(6812)480; 5646(1644)797; 3017(1644)1051; 3664(3792)1125; 6245(5375)1345; 456(1815)1352; 7512(3215)1401; 3263(3136)1490; 4050(8060)1568; 8309(6812)1607; 4223(4112)1619; 1070(8769)1776; 998(8642)1990; 5053(121)2000; 8759(385)2026; 6652(6912)2502; 7602(1203)2621; 8715(121)2870; 4724(1275)2921; 1284(6347)2958; 4733(121)3085; 7723(4112)3087; 5295(4112)3319; 6348(307)3417; 843(3792)3755; 3401(9000)3785; 7100(4112)3853; 5070(7548)3908; 920(3525)3976; 2649(7112)4047; 1133(5831)4107; 8053(6110)4265; 677(8014)4284; 4652(6347)4746; 930(7709)4769; 1846(6114)4989; 6670(1275)4991; 3957(7709)5753; 2255(2896)5759; 2345(3215)6229; 4857(4400)6334; 6098(2131)6547; 8998(5501)6867; 5241(1203)6925; 3946(5375)6930; 5184(7709)6955; 6037(5297)6972; 731(5905)7005; 8615(2131)7412; 5658(4788)7658; 2741(9220)7824; 7569(5850)8156; 3967(7709)8182; 7293(7087)8679; 4406(3525)8869; 1656(6812)9156; 8135(8769)9557; 7162(6812)9630; 7539(6912)9718; 9610(9220)9796; 
94: 7280(3664)86; 8989(8277)186; 4342(456)450; 7050(8277)621; 6102(5658)715; 2348(4857)750; 3627(7569)886; 6579(4223)1079; 2527(7293)1275; 144(4733)1276; 1081(7512)1466; 1574(1656)1552; 6168(1656)1582; 919(7723)1817; 1731(4652)2027; 9380(7723)2108; 2423(4050)2115; 2989(7293)2225; 1541(7293)2342; 9277(7100)2416; 1057(8277)2440; 6368(4724)2472; 7549(4050)2776; 4681(8277)2908; 9188(4406)3867; 9410(3664)3964; 598(7100)3981; 4152(4857)4052; 5294(6670)4472; 7321(7602)4523; 4264(7293)4653; 1290(8759)4726; 1153(4050)4784; 6068(5053)5033; 8512(7602)5118; 3000(998)5428; 3108(2255)5450; 6014(7602)5549; 6203(3263)5817; 4530(7539)5951; 5021(8715)6153; 1317(3957)6157; 8077(2345)6252; 4455(3664)6325; 1186(6098)6579; 811(5485)6647; 5133(8715)8186; 5731(7293)8750; 7699(3957)8791; 1197(6348)9151; 4189(930)9745; 4246(9610)9947; 9404(1070)9977; 
95: 2930(9404)180; 9064(3627)214; 8114(5294)316; 7343(9380)848; 9910(8512)934; 8221(7280)955; 2674(8512)1033; 4394(7280)1145; 328(2348)1377; 4330(1081)1639; 4704(919)1675; 4797(9410)1676; 4819(1153)1769; 4558(3000)1831; 6452(9188)2001; 3402(5021)2639; 2309(1731)2688; 832(6579)2693; 8129(1057)2864; 5558(144)2978; 7834(7050)3364; 4061(6579)3536; 7019(7549)3677; 9448(3108)3740; 8086(2348)3809; 7795(4530)3821; 1942(9410)3938; 2681(1081)3957; 5815(598)3998; 1062(2348)4186; 1623(1057)4200; 8404(5133)4242; 280(2423)4366; 9954(8989)4471; 8663(6014)4799; 3743(6579)4923; 2834(8989)4954; 9350(6203)5471; 179(1574)5539; 970(7699)5650; 301(7280)5966; 3232(7050)6075; 783(8989)6398; 22(7321)6821; 8610(7321)6851; 8417(6579)7646; 6480(4152)7703; 2204(7699)8045; 1998(8077)8106; 6363(8512)8295; 2818(5133)8344; 5378(6579)8467; 5499(6579)9398; 
96: 6338(179)269; 5233(2309)335; 3277(6480)425; 4085(3743)594; 7979(3743)694; 4378(8663)833; 250(4330)936; 3120(8610)1082; 1381(3232)1107; 7596(783)1446; 9085(8663)1777; 8795(7834)2253; 6797(8129)2303; 2433(783)2379; 6888(783)2387; 2103(4797)2417; 6957(5499)2796; 7053(4704)2854; 8959(301)2873; 163(832)2959; 410(9910)2974; 5541(9910)3605; 8979(2681)3685; 6521(9350)4013; 9603(4797)4524; 4186(8610)4564; 4444(4704)4672; 1445(3232)4794; 3806(280)5063; 1151(6452)5187; 4118(9448)5254; 531(4330)5311; 414(9954)5593; 8117(7019)6064; 9436(8129)6112; 7196(2834)6177; 1602(2818)6880; 1226(8221)7055; 7919(4797)7133; 4552(2204)7176; 4853(9064)7860; 7210(6363)8212; 6002(5815)8319; 5238(9910)9034; 2419(5815)9289; 1620(6452)9464; 
97: 9496(6797)536; 6668(6888)1233; 595(6521)1269; 3937(8959)1527; 70(4085)1630; 9883(6888)1862; 8183(1151)1943; 2005(8117)2116; 8184(5233)2235; 1767(7979)2236; 4253(9603)2249; 7660(410)2809; 3151(9603)2858; 6085(9436)3431; 8639(7053)3781; 1213(5238)4337; 2315(2433)4398; 9556(4378)5135; 8280(1602)5151; 6101(414)5258; 865(3806)5434; 948(4378)5987; 2873(1381)6234; 3216(1620)6278; 9563(531)6431; 8983(4085)6550; 7926(4118)6624; 5346(6521)6698; 9148(5541)6956; 5268(1226)7877; 9928(4444)8669; 787(6002)9599; 
98: 9908(7926)101; 9138(9563)113; 9452(2315)115; 4172(948)226; 3403(8639)644; 9723(70)704; 289(70)1162; 9398(948)1438; 9115(595)1975; 7860(3151)2214; 553(9928)2814; 282(8183)2861; 5640(5268)2983; 7747(8983)3007; 3936(2005)3010; 6647(2005)3030; 1292(7660)3145; 6289(595)3278; 4811(7926)3457; 8446(948)3652; 7173(595)3866; 3896(6101)4411; 6717(9563)4645; 7449(7660)4998; 1162(865)5016; 4583(1767)5217; 3733(2005)5441; 6520(3937)5454; 3900(4253)5752; 8807(2873)6082; 2906(9496)6106; 6236(6668)6522; 9763(5268)6529; 5799(3937)6625; 6062(9556)7078; 9607(5346)8984; 8186(7660)9116; 3252(4253)9308; 1730(3937)9532; 5345(5268)9545; 3030(787)9910; 
99: 7247(9723)122; 9282(6520)487; 1771(8807)511; 7817(3900)605; 9415(6062)628; 5919(8807)665; 3333(9723)949; 7789(7860)1022; 9671(3403)1094; 763(4583)1291; 8524(1162)1732; 6665(6717)1891; 9782(289)2192; 1180(3936)3484; 90(6289)3868; 8432(3900)3923; 604(3936)4373; 697(7860)4778; 2203(6289)5164; 9892(553)5613; 5992(6289)6086; 7600(7449)6556; 3519(9607)7187; 435(3936)7728; 5519(4811)8879; 8392(4583)9031; 8970(3403)9193; 
100: 621(7817)103; 6536(7247)2306; 2729(7789)2336; 8147(3519)2418; 8006(9282)2466; 8478(763)2551; 8540(3333)2876; 6451(8524)3005; 56(9782)3666; 2113(1180)3762; 5704(8432)4133; 5988(7600)4164; 3677(3519)4168; 1051(9415)4287; 4295(7789)4707; 337(7817)4742; 5273(5992)4844; 7634(7789)4960; 3701(7600)6144; 9431(9415)7102; 9913(8970)7828; 8664(1180)9053; 1253(2203)9215; 7825(9415)9594; 6714(7789)9738; 
101: 8084(1253)123; 3818(56)440; 985(6714)681; 7750(5273)685; 3502(8478)740; 3107(2113)983; 7929(5704)1007; 5377(56)1134; 9628(6536)1415; 2381(6451)1526; 253(5704)1576; 9948(56)1598; 9664(8147)2164; 6293(5988)2996; 5861(8540)3435; 2673(8478)4025; 2105(621)4080; 8440(56)4215; 362(8664)5526; 1890(2729)5590; 7892(5704)5838; 2785(4295)5868; 7524(2113)5896; 9619(9913)6223; 596(5988)6669; 7326(8006)6824; 9904(9913)7591; 5659(1253)8261; 9018(7634)8520; 4269(5704)9123; 5496(5273)9633; 8511(2113)9809; 
102: 4284(2785)278; 6818(362)749; 4949(1890)860; 6082(3502)2061; 6726(9628)2860; 1217(6293)3023; 8796(2785)3156; 9377(7750)3189; 5275(985)3980; 6404(7929)4149; 7581(2381)4207; 1421(2105)4628; 3243(596)4647; 8805(9628)5058; 7432(1890)5091; 2414(6293)5376; 4597(2105)5560; 5416(4269)6290; 7428(8440)6633; 1906(5377)7869; 5459(2381)9075; 
103: 2573(6082)319; 7650(5275)404; 3386(1217)919; 3575(9377)969; 2210(6726)1277; 2601(2414)1328; 4822(4597)3073; 480(6726)3864; 7820(1217)4131; 8623(6726)4257; 5620(4949)4499; 6505(4284)4767; 4950(1217)4871; 1130(4284)5257; 5203(6082)5290; 391(4284)5612; 1440(4284)5975; 1145(6404)6133; 3747(7428)6441; 5527(1421)6670; 2934(6404)7029; 785(5459)7042; 2505(7428)7484; 8811(6404)8162; 6034(9377)8224; 9005(8796)8406; 
104: 1436(7650)389; 8745(480)669; 2141(391)764; 6971(2505)867; 9764(8623)1046; 6248(3575)1123; 8802(5620)1186; 1134(9005)1404; 7376(8623)2821; 5389(5203)2835; 7932(4822)3082; 4010(2573)3443; 4845(1145)3524; 5216(5203)3702; 9197(2601)3949; 4640(4822)4505; 1009(2505)5349; 1561(391)5615; 7011(2934)6099; 5698(8811)6516; 9714(7820)7357; 6981(1130)7718; 922(3386)8463; 9479(7820)9833; 
105: 774(9197)208; 3339(6248)427; 1639(7932)543; 9390(6981)1310; 9125(7376)1389; 5654(9714)2352; 7638(4845)2825; 4058(6981)3325; 5244(7932)4805; 9024(4010)4815; 591(8745)4930; 381(4010)5146; 8348(9764)5305; 244(8745)5492; 2949(4010)6491; 3943(8745)6631; 1065(6248)7112; 1693(9714)7422; 5742(1134)7715; 7212(6981)9285; 
106: 8326(9024)436; 5235(381)641; 5010(7638)783; 5081(1639)966; 9955(3943)1204; 7762(591)1652; 4762(3943)1998; 4637(244)3733; 349(2949)3837; 7645(9390)4274; 2096(381)7446; 4488(244)7577; 8385(7212)7859; 9880(244)9345; 1937(7212)9434; 5895(7212)9686; 
107: 2266(349)236; 7079(5010)328; 2356(8326)1710; 5080(4488)1898; 9462(9955)2063; 7963(5895)2345; 4937(4488)3313; 1768(8326)3490; 2073(8326)5125; 1056(4488)5377; 6819(8326)6936; 2557(7645)7092; 8968(4488)8946; 484(349)9175; 
108: 4842(2356)680; 3439(1056)1347; 1155(9462)2476; 8226(6819)3510; 3584(2356)3537; 2474(1056)3561; 8101(2073)4429; 437(1056)8230; 9529(7079)8843; 
109: 1936(8101)323; 7209(3584)998; 8774(8101)1383; 3096(3439)2627; 6943(8101)2881; 3706(4842)2986; 7624(3584)3163; 4730(3584)4082; 4039(4842)4093; 8855(437)4697; 3876(2474)6412; 8677(4842)8069; 4304(4842)8979; 
110: 5293(1936)1317; 3803(6943)1330; 3367(1936)1778; 3068(8677)2868; 4491(8677)6500; 6574(4304)9033; 5927(7209)9975; 
111: 840(3803)2775; 6823(3803)3708; 7325(5293)8207; 2685(5927)8855; 2829(4491)9844; 
112: 8456(6823)1093; 4886(6823)1672; 2102(7325)3804; 2939(6823)4747; 5117(6823)9845; 
113: 5500(2939)2623; 7118(4886)7447; 4279(8456)9708; 
weight: 17446571
unreachable: 5790
