0: 0;
1: 4783(0)8202; 9320(0)9869; 
2: 4301(9320)2020; 8825(9320)2078; 
3: 7149(4301)727; 4536(4301)5272; 2706(8825)6091; 7266(4301)6678; 
4: 5395(4536)3771; 7850(7149)4329; 2111(7149)4801; 4017(7266)5694; 7438(7149)6418; 
5: 4055(7438)2509; 5991(5395)2744; 8406(5395)3753; 9866(4017)7229; 7759(2111)8035; 
6: 1453(8406)18; 1221(5991)155; 7663(8406)1413; 4001(5991)3074; 8641(4055)4858; 7601(4055)5322; 7074(7759)7393; 
7: 3541(1221)2215; 6878(7074)3709; 6125(1221)4766; 3490(7663)5371; 1501(1221)5453; 7580(1221)5784; 4551(8641)6071; 
8: 5896(7580)3663; 2798(6125)3856; 1412(6125)4251; 462(3490)4348; 1330(7580)5478; 7670(6878)6092; 3633(4551)6313; 8237(1501)6659; 5167(7580)7445; 1894(4551)7712; 764(3490)9788; 
9: 835(1412)1098; 1414(3633)1255; 5391(5896)2432; 6132(8237)3034; 3343(8237)3249; 3092(1412)4166; 9712(7670)4810; 9446(5896)4990; 9958(2798)5059; 887(1412)5400; 6900(8237)6849; 5179(5167)7512; 
10: 6522(835)776; 1883(5391)2124; 8076(835)2993; 3114(9712)3144; 8403(9712)3274; 867(9446)3507; 3945(1414)3723; 3472(5391)4695; 9107(5179)5223; 7962(9958)5497; 239(3343)5790; 1863(3092)6348; 7279(5179)6779; 7103(5179)6814; 833(5179)7115; 4074(9958)9496; 
11: 4473(867)1253; 8981(7279)1481; 8276(3114)1505; 7937(9107)2572; 8424(1863)3283; 895(1883)4365; 1425(6522)4597; 4574(6522)4857; 916(3472)5419; 8324(239)5587; 2302(4074)6063; 3101(8076)6193; 5912(7962)6332; 1340(7103)8898; 
12: 3773(4473)416; 8192(8424)1470; 3742(1425)1982; 9270(2302)2697; 338(5912)3154; 4741(5912)3862; 4878(1340)4438; 9660(4574)5671; 4846(3101)6068; 8762(1340)6460; 8567(4574)7940; 5569(916)7943; 
13: 2862(3773)256; 5934(338)1477; 226(3773)1512; 329(4741)1670; 2007(9660)1701; 1746(9660)4104; 632(9660)6289; 9161(5569)8779; 1723(4741)9274; 
14: 4078(2862)10; 6130(2007)469; 7055(1746)1479; 2303(226)3067; 2587(5934)4037; 2079(1746)4097; 4718(632)4229; 1904(9161)6711; 4441(2862)8267; 
15: 2327(2587)2083; 6586(2303)2331; 9552(6130)3200; 6859(4718)3393; 534(4078)3512; 5529(2079)3593; 6648(6130)5326; 6961(4718)7104; 4059(7055)8874; 
16: 502(6859)381; 1569(534)494; 5936(6961)1859; 620(534)2327; 370(6961)2451; 6196(2327)4108; 3600(9552)5104; 7701(4059)5276; 2771(5529)7006; 7716(6961)8097; 
17: 1008(6196)843; 5312(1569)2111; 7502(2771)2555; 4354(3600)4372; 9070(7716)5585; 1424(620)7181; 5073(620)7549; 1179(502)7612; 3249(6196)8421; 
18: 5413(1179)435; 1174(7502)3857; 5924(1424)4212; 7220(7502)5238; 475(5312)6056; 7788(4354)6314; 5752(1008)7281; 15(9070)9402; 
19: 4424(1174)322; 6419(5752)2680; 5832(5752)3069; 3381(5752)4679; 9597(475)5076; 279(5924)5994; 7319(7220)7609; 4131(5752)9860; 
20: 4638(9597)132; 5095(3381)420; 166(4131)471; 7730(9597)2385; 8842(3381)2869; 9316(6419)3060; 2365(4131)4110; 1187(7319)5356; 4791(279)5882; 8676(279)6696; 2918(3381)7654; 5508(279)9518; 
21: 3132(1187)701; 1617(8842)846; 7427(9316)1738; 8893(1187)1947; 8967(4638)2070; 7794(7730)4285; 3042(8842)5186; 6889(5508)7699; 5637(5095)7944; 
22: 3383(5637)1826; 1022(3132)2426; 929(7794)2646; 3058(5637)2818; 822(7427)3399; 6380(8967)3707; 9818(7794)4459; 2521(7427)6700; 2059(6889)6970; 
23: 3920(929)2769; 8027(9818)3008; 3927(822)4028; 1246(6380)5084; 973(3383)5522; 8590(3058)7978; 8852(929)9202; 
24: 9594(1246)1932; 4852(3927)2606; 176(1246)5255; 5719(8590)5355; 2187(8590)5473; 9084(3920)5503; 
25: 6253(9594)292; 9687(9084)1822; 2846(176)2985; 4371(9594)3243; 8475(9084)4418; 2224(9594)4562; 5302(2187)5716; 8749(9594)6027; 7673(9594)6685; 8875(2187)7935; 
26: 4649(2224)1185; 5523(2224)3048; 4247(9687)3535; 5904(4371)3639; 823(8475)3725; 7104(8475)4150; 9392(6253)4197; 6291(9687)5455; 5161(5302)6459; 
27: 9428(4649)500; 5946(4649)2877; 5105(5161)2906; 8506(7104)3331; 7388(5523)5004; 7128(9392)5396; 3554(9392)7816; 6295(5904)9396; 
28: 1598(9428)921; 1310(6295)1142; 7675(8506)3623; 4362(5946)7397; 8548(8506)7613; 1303(6295)7921; 4082(6295)8701; 
29: 680(4362)145; 1331(8548)1221; 702(1310)1927; 2878(1598)2519; 4740(4082)3349; 473(8548)5369; 1643(1303)5850; 6753(1310)8974; 
30: 8911(2878)15; 3388(2878)1749; 7572(2878)2293; 1154(1643)6528; 
31: 7473(8911)1179; 8300(3388)2244; 9548(7572)2315; 7353(3388)2874; 1509(8911)3141; 4518(8911)4955; 8884(7572)5600; 
32: 9762(8300)372; 452(9548)788; 4993(1509)1591; 9860(8884)2622; 92(7473)3392; 4005(1509)3647; 7913(7353)4192; 4942(7353)4193; 9639(1509)4506; 7288(7473)7091; 8489(7353)7993; 2579(7473)9367; 
33: 6763(9639)146; 2238(9860)1537; 8010(4005)1878; 5158(4005)2570; 3267(9639)2781; 2814(92)3284; 5703(7288)3873; 599(4993)4125; 3872(4942)4148; 4013(9639)4405; 648(452)4595; 9620(2579)5132; 7016(9639)5675; 7092(92)5869; 2575(9860)7487; 
34: 5494(6763)112; 7154(8010)126; 9283(3872)1206; 4693(2575)1536; 6065(4013)2058; 3454(6763)2135; 3630(648)2248; 1480(5158)2427; 6490(6763)2794; 4918(7016)3028; 8262(7092)3063; 7628(7092)3892; 3097(599)4275; 9367(6763)4677; 7944(599)4718; 4801(3267)4757; 8196(4013)4827; 9443(8010)5743; 9080(7016)5981; 9784(5158)6088; 7183(6763)6511; 6001(2814)6953; 8692(5703)7216; 2146(8010)7323; 1095(9620)7650; 2689(6763)8666; 6671(7016)8929; 
35: 6630(6065)49; 2870(8262)200; 3780(7628)454; 5869(7154)606; 1395(8262)1101; 9746(4918)1836; 6861(7628)1928; 9918(9080)2588; 7618(6065)2593; 2371(6490)3117; 7200(8196)3401; 8198(3454)3736; 171(4801)4336; 6418(6065)4517; 7741(1480)4535; 880(9784)4550; 9977(4801)4652; 9166(2146)5166; 4657(4801)5373; 4067(6671)5444; 7905(1480)5668; 761(7628)5835; 4936(1480)5988; 6942(9080)6471; 3279(9367)6780; 5727(8692)6783; 8019(7183)6802; 9747(3097)7025; 8256(8262)7267; 889(2146)7811; 7022(9367)8696; 3324(5494)9898; 
36: 816(761)308; 8880(2870)400; 4254(6630)422; 7552(9918)657; 2036(6630)1002; 7804(9747)1005; 2369(761)1089; 9327(6418)1219; 4900(8019)1361; 2275(9746)1703; 2134(4657)1912; 9727(2371)1988; 5217(880)2034; 8322(4067)2497; 2832(5869)2636; 257(4936)2755; 9580(7741)2907; 5566(8019)3115; 5512(6418)3142; 9933(7905)3483; 2446(171)3721; 6357(8256)3738; 1670(2870)4075; 653(4936)4442; 9374(9977)5191; 7235(4657)5245; 2243(2870)5306; 6026(880)5432; 7642(761)5579; 2239(171)5607; 2166(880)6191; 6385(8256)6341; 573(7618)7071; 4139(4657)7735; 1365(9166)7917; 8843(8019)7966; 8575(6942)8003; 8096(3324)8413; 9887(8019)8899; 2133(9746)9701; 
37: 6934(7642)153; 3802(5512)448; 1350(1365)541; 8535(9327)923; 6909(4254)1039; 455(8880)1195; 5599(9374)1573; 733(4139)1615; 347(2275)1974; 1195(7804)1981; 4917(9327)2092; 7134(9327)2294; 8426(9327)2353; 588(5217)2398; 9454(8880)2507; 5877(816)2614; 2157(2239)2666; 8212(8880)2895; 7270(5217)2988; 4517(2243)3025; 7462(2133)3440; 4840(9727)3724; 1206(8880)3726; 5208(2243)3750; 6702(257)3989; 1743(2275)4140; 1695(2134)4710; 1849(6357)4775; 2018(9327)4787; 3999(8322)4885; 5462(2369)4897; 2040(7642)4934; 5694(573)5082; 3653(257)5287; 1422(2369)5331; 3238(9727)5761; 794(2239)5871; 705(7642)5946; 1073(8880)6401; 7805(9327)8605; 41(2275)8813; 2529(8843)9341; 666(257)9962; 
38: 629(1422)148; 9650(4917)171; 498(3238)317; 8614(4517)476; 8246(2157)482; 8870(4917)725; 8407(794)937; 4474(455)964; 9258(4840)1067; 5940(8426)1177; 4193(1743)1232; 9264(5599)1420; 2453(2529)1425; 3201(5599)1740; 74(1695)1989; 5394(2018)2228; 6397(4517)2364; 691(347)2444; 1387(1695)2474; 7546(9454)2478; 9924(2040)2491; 5056(1350)2810; 8962(7462)2842; 3961(4517)2946; 4731(347)3139; 6277(4517)3414; 3662(3653)3849; 7350(6934)3972; 2966(705)4012; 7194(7270)4120; 2219(1849)4219; 2912(3999)4303; 2106(3802)4399; 1988(455)4698; 4621(3802)4712; 8269(1206)4829; 7686(4517)4874; 1742(3238)5314; 5538(2018)5730; 1756(3802)6239; 5714(1422)6645; 7089(5694)6731; 5193(6934)6872; 3164(2040)6944; 342(5599)6977; 9065(1695)7750; 9744(455)7974; 8902(5599)8288; 8509(41)8290; 4227(7805)8393; 4627(3802)8589; 5246(3999)8798; 6856(8426)9468; 5029(1849)9810; 3587(1206)9911; 7991(1195)9994; 
39: 6816(2912)75; 7786(9258)231; 4755(9650)397; 2244(629)802; 4876(7686)993; 2260(5538)1068; 2021(1988)1071; 5836(2453)1132; 5000(4731)1158; 6573(8870)1296; 405(74)1351; 3573(5246)1441; 743(9650)1496; 7986(4627)1561; 9946(3961)1629; 8015(8246)1762; 6298(5940)1816; 3700(7194)1820; 4436(8269)2216; 955(2966)2615; 8721(4227)3241; 8951(8614)3301; 4561(3961)3386; 9693(498)3533; 3746(8246)3655; 490(1988)3737; 6604(8269)3858; 9845(1988)3936; 7458(7089)3959; 4771(2453)4187; 8412(691)4273; 7954(1742)4289; 7763(8246)4321; 5182(9264)4413; 5634(691)4514; 1417(74)4864; 935(4627)4928; 8203(9065)4952; 4661(6856)5028; 945(9650)5142; 7532(9264)5182; 5935(7686)5236; 8238(3201)5323; 9935(3164)5381; 5370(6397)5445; 9624(8269)5472; 1539(9264)5529; 2035(8870)5655; 3376(74)5789; 6659(9258)5933; 8559(629)5985; 5128(7089)6388; 7903(6277)6627; 9981(8870)7170; 9478(9650)7269; 4729(7350)7610; 2181(9924)7621; 1163(9650)8200; 1972(2219)8302; 9067(3201)8427; 9090(1756)9571; 
40: 4076(9624)277; 4879(8559)532; 6457(7986)723; 5153(405)830; 6658(3376)1267; 8202(7954)1358; 8023(4561)1546; 463(8203)1770; 4712(2260)1787; 4288(5182)1838; 8057(5000)2094; 950(3746)2152; 7779(6816)2313; 387(7532)2318; 1827(9067)2504; 5230(9935)2634; 7467(9981)2806; 1189(5935)3248; 8274(1539)3378; 7652(9478)3617; 5052(5128)3675; 3171(3376)3802; 2917(7458)3852; 6743(3376)3917; 9376(9693)4255; 3001(5000)4416; 3647(490)4527; 6811(9946)4591; 2835(8721)4640; 9558(405)4968; 608(9981)5571; 8206(9693)5793; 4036(7954)5854; 2960(5370)6017; 9507(935)6120; 5883(4876)6210; 9967(7763)6376; 2077(7532)6533; 6415(9693)6609; 6610(4436)6759; 199(9067)6931; 9278(5128)7208; 1824(955)7300; 6599(6573)7319; 7461(8951)7401; 1026(1163)7562; 306(9478)8380; 8707(8721)8992; 3138(405)9880; 
41: 9361(3647)117; 3689(8274)182; 4026(4036)455; 5571(3647)614; 7715(6811)646; 5432(8202)678; 9382(1189)818; 3625(6610)1153; 7737(5052)1440; 8732(8057)1633; 3111(8206)1785; 6154(9376)1980; 1219(5883)2118; 1854(8023)2133; 7806(6658)2281; 63(950)2542; 5674(9967)2594; 8337(5153)2641; 5957(950)2887; 1047(199)3634; 5284(5153)4009; 7893(2077)4038; 2948(2077)4258; 786(6415)4367; 4297(6415)5002; 2258(9507)5230; 9083(9558)5312; 3498(7461)5511; 7985(8057)5717; 152(6811)5848; 8388(4076)5957; 4395(7652)6164; 8517(199)6541; 635(5230)6600; 4786(2077)7172; 9755(4076)7458; 4029(8707)7689; 6840(1026)7779; 7810(6457)7934; 1828(8206)8102; 4525(4879)9121; 3118(6599)9212; 5015(1026)9249; 7245(8206)9595; 
42: 9265(786)78; 9255(4525)93; 1802(4395)342; 2932(8388)566; 6095(7985)629; 3907(1854)823; 6030(63)1197; 8113(3625)1418; 9050(8337)1549; 2975(3689)1725; 736(3498)1879; 6071(8388)1992; 9218(5015)2320; 980(7245)2471; 3244(3111)2531; 8223(3689)2790; 4418(1219)2898; 9261(4525)2948; 1141(7985)3186; 1229(3689)3344; 8551(5284)3527; 1889(7806)3615; 4333(5015)3940; 6593(8732)3999; 372(5957)4043; 6956(8388)4286; 5528(3625)4293; 6019(3689)4496; 3345(4786)4643; 1739(8732)4800; 720(7715)4843; 6021(4297)5100; 8915(8337)5502; 9790(3498)5709; 2252(7245)5807; 3721(5432)5846; 8458(1047)5888; 3586(2258)6094; 9566(4395)6440; 9124(7737)6668; 2899(2258)6943; 9909(7893)7000; 9029(3111)7032; 4338(5674)7414; 5057(4395)7648; 7413(2948)8226; 9341(7715)8233; 1449(1219)8461; 5764(8732)8497; 7508(4026)9404; 4503(7806)9539; 
43: 3368(736)738; 4086(2975)1045; 1007(9909)1258; 8286(1802)1264; 8996(720)1371; 3351(2899)2227; 7854(1802)2368; 1959(2975)2394; 2803(2932)2401; 5169(8551)2668; 4161(3345)2674; 7228(8458)2930; 8868(372)3159; 709(720)3424; 8109(5057)3441; 3219(9341)3779; 6544(1802)3962; 1878(9790)4384; 925(8223)4401; 7083(2932)4533; 8343(1802)4577; 8935(1229)4671; 3849(736)4904; 972(6021)4941; 1166(3345)5190; 177(9218)5329; 7006(1889)5408; 7518(9029)5553; 821(3907)5725; 4452(3907)5856; 7682(736)6189; 1496(6956)6251; 8079(1739)6258; 7732(4338)6473; 5438(5764)6736; 3400(1889)6968; 6867(720)6993; 6501(6030)7050; 2198(9050)7423; 7674(9341)7583; 5328(7508)7595; 3893(372)7636; 3779(3721)8138; 539(9261)9756; 4545(4503)9829; 
44: 8635(972)73; 2972(8286)215; 9837(7006)298; 5766(5438)769; 795(6867)1116; 8055(1007)1144; 4194(8079)1301; 2311(821)1502; 8891(4452)1695; 4260(1496)2386; 3186(7006)2675; 4367(7228)2903; 9411(3219)2928; 6359(709)3460; 2787(5169)3627; 2603(5438)3689; 2744(5169)3814; 3926(8079)4252; 4389(1496)4560; 4102(8996)4702; 290(8343)5114; 8051(1959)5201; 381(5169)5626; 2976(5169)6015; 4976(4452)6038; 388(7854)6135; 838(8868)6527; 9634(4161)6910; 7790(3400)7862; 9690(3351)8125; 1947(2198)8127; 775(5438)8639; 2359(709)9090; 9193(8996)9201; 8470(7854)9333; 8733(8286)9393; 5004(3849)9912; 
45: 949(6359)90; 8670(838)497; 5235(381)641; 9379(4389)914; 4556(4194)1108; 3640(7790)1146; 6592(8055)1320; 3124(4102)2009; 3061(4194)3282; 4272(4389)3481; 3698(838)4005; 1744(9837)4263; 4619(5766)4503; 3133(3186)5006; 4010(381)5146; 1240(8891)5577; 831(2311)6266; 8415(388)6267; 3218(4194)6347; 9951(5004)6666; 1105(5766)6667; 2052(795)6782; 6242(8055)6811; 8225(7790)6978; 4375(4389)7020; 7533(8051)7147; 2096(381)7446; 4590(290)8041; 4498(2972)8116; 3511(7790)9015; 7393(4102)9397; 5907(290)9472; 
46: 1666(4590)181; 9229(3124)249; 1177(9951)941; 6977(9951)1092; 2801(1744)1096; 9071(3698)1337; 5503(3218)1682; 6321(6592)2967; 2573(4010)3443; 2561(5907)3649; 6222(6242)4109; 6667(3218)4237; 2604(1105)4353; 5061(3218)4500; 1403(3133)4683; 9024(4010)4815; 9482(6592)5210; 9199(6242)5617; 1296(949)5741; 1028(7533)5902; 7059(8225)6404; 1183(4375)6476; 2949(4010)6491; 2938(4272)6687; 8882(1240)6710; 9965(1240)6795; 1126(3061)8308; 6229(6592)8341; 5428(9951)8788; 9588(4498)8796; 3474(1105)9755; 
47: 6082(2573)319; 8326(9024)436; 9429(6667)785; 9827(2604)1077; 4944(1183)1181; 9150(5061)1961; 4540(6222)2604; 7606(2801)2757; 2277(1183)3354; 6678(1183)3658; 349(2949)3837; 6004(6229)3893; 1405(5061)4349; 1376(6229)4646; 8073(1177)4753; 3942(9071)4795; 2185(9071)4880; 6899(2938)5011; 9108(6222)5226; 343(9482)5232; 6218(1403)5406; 8714(1296)5644; 9196(5503)6199; 6860(5061)6271; 2954(3474)6282; 8335(8882)6951; 2294(6222)6982; 3895(5061)8279; 8800(1403)8408; 2914(5428)8852; 6209(6667)8996; 
48: 2266(349)236; 8550(9196)935; 7746(8714)1280; 9949(6899)1368; 2356(8326)1710; 9635(6209)1875; 3502(6082)2061; 4866(2954)2081; 5788(6209)2170; 2196(8073)2655; 9542(3895)2761; 2547(6899)2852; 9035(2185)3324; 7421(1405)3370; 1768(8326)3490; 3311(1405)3620; 4459(7606)4084; 7151(8335)4138; 3234(1405)4170; 1674(6004)4594; 8378(8073)4745; 5094(9108)4988; 2598(4540)5041; 2073(8326)5125; 5203(6082)5290; 6722(8714)5404; 7435(343)5670; 8166(8335)5700; 5362(1405)6002; 3750(4540)6148; 9426(343)6169; 4238(6004)6417; 6819(8326)6936; 550(8714)7372; 8851(9827)8024; 6881(9429)8254; 7908(6218)8900; 8975(6218)8965; 484(349)9175; 5685(6082)9365; 
49: 9605(7151)95; 6104(8550)481; 3770(7151)595; 4842(2356)680; 8478(3502)740; 9674(3311)746; 5993(9542)929; 530(1674)1791; 5838(2598)1829; 6424(4866)1834; 6316(7908)1958; 9547(3234)1971; 2022(7151)2182; 7232(1674)2647; 5389(5203)2835; 2597(1768)2912; 7098(3234)3437; 8226(6819)3510; 3584(2356)3537; 5216(5203)3702; 585(3234)3898; 8101(2073)4429; 1740(9542)4741; 6080(8166)6070; 8515(5094)6215; 7619(4238)6393; 5352(4866)6969; 4159(8851)7116; 5610(6722)7332; 8700(8851)7763; 6129(9635)7931; 1963(2598)8386; 6149(5788)8665; 4192(9426)8673; 3059(550)9114; 5901(5685)9198; 
50: 6294(1740)276; 8067(6080)282; 1936(8101)323; 7209(3584)998; 562(2597)1308; 8774(8101)1383; 2399(6104)1417; 2708(4159)1821; 9652(8478)1919; 2723(6080)2109; 763(8478)2551; 9760(5352)2733; 7010(6129)2747; 6943(8101)2881; 3706(4842)2986; 7624(3584)3163; 5290(6424)3315; 2673(8478)4025; 4730(3584)4082; 4039(4842)4093; 8778(6149)4580; 4084(8515)4744; 7066(6104)5024; 5498(5838)5903; 1636(5901)5974; 4928(2597)6216; 6569(4192)6446; 636(5901)7716; 8677(4842)8069; 6353(5610)8294; 6288(6424)8333; 1096(5993)8444; 2702(8515)8502; 4304(4842)8979; 8719(2597)9492; 1068(7232)9553; 2299(7619)9693; 
51: 1038(4084)228; 1(8067)338; 8918(4084)842; 4201(4084)874; 7856(9652)1058; 4583(763)1291; 5293(1936)1317; 3803(6943)1330; 2520(4039)1388; 2043(7010)1486; 3367(1936)1778; 9259(636)2224; 3068(8677)2868; 9780(2702)3148; 2220(4084)3546; 106(2708)3717; 3811(1068)4468; 8230(8719)4513; 8631(4928)4831; 1431(4084)5556; 2180(8778)5677; 8758(2723)6259; 4491(8677)6500; 1517(6294)6701; 2693(9760)6894; 6027(2702)7209; 1273(636)7413; 5537(2723)7589; 958(7066)8005; 9372(562)8210; 9617(562)8514; 3437(6294)8545; 6574(4304)9033; 5927(7209)9975; 
52: 6570(8918)382; 4306(9372)615; 9300(9617)1335; 1585(2693)1396; 3846(6027)1752; 8689(1273)1754; 4543(1431)2201; 8743(2520)2241; 9584(1038)2343; 840(3803)2775; 7579(1517)3104; 6823(3803)3708; 8351(1)5148; 1767(4583)5217; 2214(4201)5865; 6498(8230)6029; 4184(6027)6519; 1685(1431)6525; 4746(8631)7003; 7466(8631)7674; 7301(1038)7843; 7325(5293)8207; 2685(5927)8855; 8392(4583)9031; 6086(9617)9463; 2829(4491)9844; 
53: 9308(1685)89; 606(9300)1018; 8456(6823)1093; 2988(8689)1194; 4886(6823)1672; 7979(1767)2236; 3153(2214)2265; 506(8743)3390; 2102(7325)3804; 593(1685)4271; 2939(6823)4747; 1046(1685)4812; 6221(1585)5480; 1443(6086)6447; 4623(7301)7786; 471(6086)8297; 1256(6570)8633; 8373(3846)9779; 5142(4543)9793; 5117(6823)9845; 
54: 3590(5142)20; 3743(7979)694; 6591(5142)988; 6033(1046)1631; 8924(3153)1824; 5500(2939)2623; 2194(3153)3021; 8973(593)3317; 7118(4886)7447; 2074(1256)7450; 9119(8373)8034; 4279(8456)9708; 
55: 8877(2194)133; 4085(3743)594; 8288(8924)813; 2556(2194)1202; 6579(3743)4923; 9695(2194)5177; 7192(2194)5731; 8003(9119)6225; 7062(9119)6544; 6450(2194)7639; 3205(2074)8756; 209(9119)8814; 939(8924)8997; 741(3590)9711; 
56: 2366(939)571; 7711(9695)575; 4567(7062)1062; 4223(6579)1079; 3146(8288)1511; 70(4085)1630; 832(6579)2693; 6560(7192)3192; 4061(6579)3536; 4825(7192)5048; 4071(209)6084; 8983(4085)6550; 1114(8288)6662; 1766(741)7074; 9480(209)7608; 8417(6579)7646; 5378(6579)8467; 5072(8877)8858; 5499(6579)9398; 
57: 9723(70)704; 289(70)1162; 4112(4223)1619; 6957(5499)2796; 163(832)2959; 7747(8983)3007; 1748(1766)7757; 8841(6560)9621; 
58: 7247(9723)122; 3333(9723)949; 8494(289)1429; 9782(289)2192; 7723(4112)3087; 5295(4112)3319; 7100(4112)3853; 7816(4112)4439; 
59: 919(7723)1817; 3465(7816)1850; 9380(7723)2108; 6536(7247)2306; 9277(7100)2416; 8540(3333)2876; 56(9782)3666; 598(7100)3981; 
60: 3818(56)440; 7343(9380)848; 5377(56)1134; 9628(6536)1415; 9948(56)1598; 4704(919)1675; 5861(8540)3435; 5768(3465)3456; 6850(3465)3773; 5815(598)3998; 8440(56)4215; 8622(9380)6284; 8718(3465)6803; 
61: 7548(6850)304; 7709(6850)675; 2896(6850)1827; 132(8718)2187; 1275(6850)2692; 7337(5768)2803; 7053(4704)2854; 6726(9628)2860; 4444(4704)4672; 8805(9628)5058; 5554(5768)5203; 7428(8440)6633; 7112(6850)6784; 1906(5377)7869; 6002(5815)8319; 2419(5815)9289; 
62: 1029(7337)439; 2210(6726)1277; 4724(1275)2921; 6605(7337)2945; 8639(7053)3781; 480(6726)3864; 5070(7548)3908; 5676(7428)3969; 2649(7112)4047; 8623(6726)4257; 930(7709)4769; 6670(1275)4991; 3957(7709)5753; 2255(2896)5759; 3747(7428)6441; 9191(7337)6917; 5184(7709)6955; 2505(7428)7484; 9205(7337)8031; 3967(7709)8182; 9928(4444)8669; 787(6002)9599; 
63: 3403(8639)644; 8745(480)669; 6971(2505)867; 9764(8623)1046; 6275(5676)1937; 6368(4724)2472; 553(9928)2814; 7376(8623)2821; 2425(6605)2879; 6356(1029)3997; 5294(6670)4472; 1009(2505)5349; 3108(2255)5450; 1313(6605)5673; 1317(3957)6157; 1428(9191)7244; 1971(9205)7526; 7699(3957)8791; 4189(930)9745; 3030(787)9910; 
64: 8114(5294)316; 8799(1428)789; 9671(3403)1094; 9125(7376)1389; 6694(6356)2160; 7386(1971)3098; 9448(3108)3740; 4620(1428)4713; 591(8745)4930; 9256(1313)5292; 8348(9764)5305; 244(8745)5492; 659(1971)5516; 9892(553)5613; 970(7699)5650; 3943(8745)6631; 2204(7699)8045; 8970(3403)9193; 
65: 9955(3943)1204; 7762(591)1652; 8912(4620)1802; 4762(3943)1998; 4637(244)3733; 2877(4620)4581; 3262(6694)4670; 4118(9448)5254; 4552(2204)7176; 4488(244)7577; 9913(8970)7828; 9880(244)9345; 
66: 389(2877)967; 5080(4488)1898; 9462(9955)2063; 4937(4488)3313; 860(3262)4111; 5735(3262)5333; 1056(4488)5377; 7680(7762)5417; 9619(9913)6223; 7926(4118)6624; 1647(9955)7498; 9904(9913)7591; 8968(4488)8946; 
67: 9908(7926)101; 3439(1056)1347; 2632(5735)1501; 2602(1647)1786; 1155(9462)2476; 7897(7680)2607; 4811(7926)3457; 2474(1056)3561; 1277(5735)3602; 4344(7680)3754; 4648(7680)4105; 1881(860)4911; 437(1056)8230; 1270(9619)8734; 
68: 1642(4344)330; 3096(3439)2627; 2894(7897)3233; 1718(4344)3993; 8855(437)4697; 6140(1277)5205; 4408(7897)5595; 560(4344)5819; 3876(2474)6412; 1276(4344)6613; 8483(9908)6749; 5519(4811)8879; 
69: 9906(4408)488; 3798(6140)960; 6265(1642)2242; 8074(2894)3343; 9346(4408)3943; 7383(1718)4892; 3758(8483)5173; 9465(6140)7607; 
70: 9694(3758)221; 114(3798)1680; 1719(9346)1809; 742(3758)2176; 1072(8074)2511; 8390(3798)2737; 946(3758)3223; 3152(9465)4687; 5982(8074)5023; 3150(9906)5546; 7465(9346)5629; 7956(3758)6615; 4148(6265)8455; 
71: 5418(1719)296; 35(3150)1279; 8258(114)2875; 1279(3152)3165; 4030(7465)3629; 5071(946)4058; 1495(5982)5073; 504(1719)5096; 443(3150)5300; 8299(7465)6061; 6460(8390)7467; 
72: 4971(35)109; 7870(5418)499; 6006(6460)1577; 2126(1495)3318; 8773(35)3531; 5408(6460)4044; 511(8258)4213; 7935(5418)4638; 3432(1495)5679; 8898(443)7128; 9730(8258)7196; 
73: 8658(9730)104; 9806(7935)139; 5570(7935)520; 9516(9730)1138; 9943(7935)1507; 3947(2126)1979; 9053(511)2290; 6749(3432)2712; 8776(511)3471; 5724(3432)4462; 1220(8773)4522; 116(8898)4848; 1147(7870)4905; 2257(4971)5535; 6750(2126)7632; 6160(2126)7784; 8992(8773)8021; 1759(7935)8606; 8529(5408)8861; 
74: 8441(1147)201; 4862(8776)607; 4125(8529)997; 8112(9053)1037; 2163(8658)1049; 8815(8776)1569; 6764(1759)2370; 6821(9053)2793; 911(6749)3001; 1059(6160)3288; 2826(9053)3643; 7721(6749)3795; 4440(2257)3882; 2928(1147)4432; 759(1220)4723; 1236(5570)5127; 9144(1220)5435; 1810(5724)6366; 9847(6750)6436; 6217(8658)7067; 9680(1220)8967; 3968(5724)9522; 
75: 6334(2928)118; 9236(911)223; 2401(2163)627; 3737(8815)1257; 5344(2826)1753; 9698(759)1793; 5748(6821)1813; 3788(2163)1895; 6299(2826)2098; 9151(9847)2146; 4105(4862)2717; 6550(7721)3002; 6563(8441)3681; 5261(2163)5086; 1342(911)5366; 5195(9144)5794; 1891(9144)5815; 
76: 2660(6334)102; 4399(6550)340; 8861(5748)530; 164(9236)1933; 2429(3737)2629; 770(6299)2661; 7299(5748)2867; 5145(1342)3149; 5200(5195)3308; 4747(1891)3661; 9133(1342)3812; 3916(1891)4368; 6964(2401)4537; 6890(5195)6041; 536(4105)6261; 7171(1891)7638; 2281(6299)7787; 3027(9151)8454; 
77: 102(5200)430; 5884(5145)490; 1786(8861)534; 969(7171)655; 3355(770)751; 2064(7171)1343; 2836(7171)2205; 5170(2429)2229; 7597(7299)3788; 6697(770)4173; 1877(9133)4529; 5479(6890)5031; 3495(536)5211; 1721(4747)5515; 
78: 589(3355)184; 111(3355)492; 7651(1877)559; 1680(1721)1547; 395(1721)2434; 5604(1786)2934; 9461(1877)3291; 8291(2836)3603; 3188(7597)4485; 2605(1786)5695; 4663(5479)9127; 
79: 1879(7651)309; 7275(5604)352; 750(3188)743; 5513(4663)856; 5054(8291)1718; 2480(589)1741; 2109(4663)3090; 8394(5604)3215; 5258(1680)3978; 4235(2605)4325; 5780(2605)5635; 7571(7651)6047; 3206(9461)7156; 1707(1680)7778; 
80: 7221(8394)415; 926(2480)828; 7527(7275)2361; 2572(5780)2499; 8152(5054)3415; 9862(7275)4310; 4751(7275)4661; 623(5258)4755; 6704(1879)5080; 1169(1707)5622; 4262(5054)5814; 1812(1707)6033; 3550(1879)9427; 9223(750)9465; 234(2109)9915; 
81: 9038(9862)1020; 9834(8152)1382; 2865(1169)2104; 4437(7527)2276; 1983(234)2784; 3853(8152)2961; 2144(6704)3013; 7811(2572)5010; 4793(7527)5358; 7058(623)6373; 6309(8152)6735; 7830(6704)8516; 
82: 5595(7811)1363; 9810(9038)1662; 2739(3853)2173; 5442(2865)2788; 3829(7811)4127; 1271(2144)4450; 9668(4793)4604; 8780(2865)5075; 303(9834)6661; 6911(6309)9347; 1722(9834)9377; 
83: 9779(1722)173; 118(9668)267; 2385(3829)470; 5626(3829)513; 5257(9668)2139; 8431(9810)2442; 7948(1271)3130; 7740(9810)3403; 1514(9668)4206; 1884(1271)5354; 3944(1722)6722; 6728(5442)9147; 18(1722)9344; 
84: 5280(7740)43; 217(118)358; 7798(8431)819; 1943(9779)1055; 281(7740)1697; 4462(5257)2131; 5754(5257)2564; 1247(1514)2731; 6394(18)3038; 154(118)3797; 5270(5257)4030; 9569(118)4361; 5892(8431)4875; 9557(1514)5027; 6555(5626)6264; 5277(5626)7644; 
85: 2195(5277)131; 8267(154)177; 9741(7798)713; 1269(1247)742; 8040(217)1109; 3672(5270)1184; 8297(9569)1648; 678(5892)1889; 2727(281)3338; 2170(5270)3970; 5336(4462)4414; 800(6555)7338; 8761(4462)8888; 4156(7798)9083; 
86: 2696(1269)57; 7644(2170)345; 6414(678)1520; 8172(8297)1724; 4894(9741)2584; 4738(2727)3212; 1641(8761)3474; 5034(8297)3567; 9009(3672)3783; 3820(678)4046; 9896(2170)4660; 1909(1269)5402; 3098(5336)5779; 6206(5336)5864; 7378(1269)6028; 7629(2195)6577; 9357(678)6674; 8448(3672)7217; 8957(8761)7225; 7694(4156)7227; 1295(5336)8236; 9347(3672)8960; 383(8761)9313; 8766(2170)9750; 
87: 6320(6414)66; 8958(3820)295; 4770(9896)373; 1773(2696)804; 3482(9896)1137; 6590(5034)1188; 6907(6414)1239; 5263(7378)1499; 9275(9009)1545; 5465(1909)1907; 4826(6206)2344; 5321(6414)2539; 2962(9009)2780; 1390(6414)3316; 1568(9896)3367; 6395(4738)3395; 3106(8172)4244; 7917(7378)4371; 6951(2696)4624; 8611(7378)4950; 408(2696)5071; 4042(3820)5156; 9856(9896)5386; 193(9009)6122; 847(1909)6270; 5113(9896)6732; 2337(9347)7159; 7252(3098)8232; 8179(8448)8397; 5234(3820)8685; 8205(6414)8821; 7513(3098)9467; 
88: 3576(5321)419; 6649(4770)855; 8659(9275)1380; 6151(5113)1764; 3860(6320)1924; 4688(7252)1983; 8445(8958)2915; 3546(4770)2975; 4037(8958)3032; 5624(5113)3422; 842(9275)3529; 8837(5465)3553; 5323(3482)3600; 6273(1390)4249; 7490(6320)4312; 7101(9856)4313; 4294(5321)4326; 7444(8611)4338; 8643(5321)4867; 319(6590)5147; 4183(7917)5308; 1184(3106)5320; 7272(9856)5460; 8487(8958)5653; 4671(3482)7068; 1396(193)7349; 2688(9856)7969; 8232(9856)9187; 221(4770)9631; 4827(8205)9706; 
89: 3984(8659)47; 2332(3860)174; 2130(319)315; 8474(8643)631; 8317(4183)705; 2760(4183)761; 2420(5323)763; 2116(8659)778; 2148(8643)832; 2400(2688)1543; 7526(4294)1661; 5390(8643)1711; 6379(3576)2307; 8862(2688)2461; 1305(319)2481; 8797(7272)3202; 9324(6151)3676; 4278(3546)3774; 6088(1184)3925; 3158(6273)4588; 4947(4183)4711; 8397(7444)4983; 8089(4183)5007; 6166(842)5830; 4753(2688)6293; 8304(7101)6463; 1708(4294)6591; 7522(8232)6623; 3450(4671)7558; 3870(6649)9620; 
90: 5690(1305)136; 3992(1305)321; 2314(6088)574; 9978(2420)579; 1020(5390)1273; 2475(8089)1294; 8257(8797)1356; 3088(3158)1686; 5075(2148)3065; 7843(5390)3262; 9939(8797)3472; 1926(8304)3557; 512(1708)3640; 53(2130)3657; 4617(8474)3829; 9804(2400)3985; 6157(3984)4502; 8863(2760)4946; 6040(2760)5145; 2692(4753)5297; 9821(4278)5931; 6712(7526)6262; 7974(4278)6405; 9387(9324)6679; 5017(3450)6884; 3385(1708)6905; 5444(3158)6920; 9531(4753)7018; 7114(2116)7039; 3382(9324)7110; 9136(8474)7258; 1900(7526)7470; 9968(8862)7524; 5288(8317)8347; 3977(1305)8930; 4946(2400)9199; 6382(2148)9774; 
91: 4154(2475)664; 9809(9978)881; 9268(2314)882; 7835(9978)1148; 1152(2475)1218; 6758(53)1632; 1004(4617)2266; 3076(6157)2367; 6676(3088)2709; 1452(7843)2838; 5591(5690)2899; 3755(9978)3106; 3176(9821)3450; 5611(7114)3826; 9087(6157)4198; 9013(8257)4314; 7283(3992)4352; 7738(6040)4422; 4809(9939)4729; 8904(7974)4884; 6788(1020)4974; 4435(4617)5422; 5582(7974)5475; 2638(3088)5531; 1078(512)5545; 2058(8863)6095; 644(7974)6560; 1351(3382)6789; 8595(512)7834; 2725(2314)8269; 3419(7843)8653; 1411(8257)8663; 7509(5690)8830; 2707(4617)9112; 6463(7974)9609; 
92: 8380(3755)394; 7347(644)1091; 7076(4435)1210; 3777(3076)1213; 6416(8904)1386; 2310(644)1471; 4544(6788)1544; 6060(7738)1563; 8652(3176)1640; 2405(5582)1690; 4352(8904)2144; 51(4809)2171; 815(9013)2199; 2740(1004)2419; 4482(7283)2687; 4328(1078)2701; 9167(6758)2723; 9302(1452)2760; 6885(2058)2901; 2967(6463)2981; 1930(1078)3337; 6945(9013)3394; 3682(7283)3400; 6409(3755)3425; 2888(7283)3454; 8821(9268)3458; 7770(1152)3619; 7395(4809)3664; 5721(1004)3668; 8760(9268)3678; 3010(6676)3860; 915(4154)3880; 9851(7738)4964; 403(3076)4994; 5188(3755)5256; 9769(9013)5412; 4190(5582)5489; 7997(2058)5532; 6966(5591)5714; 829(7738)5918; 8493(8904)5950; 9058(644)6011; 9572(1004)6249; 1728(6788)6291; 2221(7509)7439; 7480(644)8309; 6007(4435)8438; 7898(8595)9520; 
93: 1940(4328)59; 40(7347)63; 9792(8821)85; 5267(4190)199; 4134(6409)237; 8204(4482)334; 8836(8493)391; 4245(6409)407; 271(8380)507; 667(8380)745; 6705(2740)854; 7818(915)906; 8125(5188)1003; 352(7770)1305; 1964(4190)1399; 5880(2405)1428; 3562(4190)1761; 9057(8821)1948; 5550(7997)2050; 3921(3010)2226; 2041(2310)2280; 4715(2888)2650; 3320(7395)2820; 4903(2405)2927; 8325(829)3039; 3995(8760)3147; 6905(6409)3245; 5745(3010)3257; 2434(915)3290; 302(9058)3477; 1107(5721)4247; 1611(3010)4555; 3070(51)4612; 6685(9058)4786; 8600(3010)4813; 5379(8760)4981; 5518(6060)5324; 5722(7898)5362; 9773(8380)5490; 5144(7076)5618; 8363(4544)5925; 6136(1930)6108; 7391(4352)6197; 99(3777)6495; 1146(6416)6573; 1557(9851)6979; 4425(6060)7036; 6897(5188)7261; 2562(1728)7344; 6855(6409)7417; 6802(6416)8064; 6200(1930)9925; 
94: 8467(99)7; 1754(3320)25; 9667(3921)383; 2610(8125)548; 392(3320)610; 4323(1146)866; 4446(4903)982; 1646(8363)1006; 9567(271)1178; 4750(8363)1252; 2066(8363)1578; 3855(6855)1610; 565(7391)1693; 9920(1557)1758; 9031(271)1833; 3618(3562)1857; 83(3921)1873; 4490(40)2042; 404(6897)2316; 9758(7391)2457; 9817(6905)2479; 6669(3562)2683; 8903(352)2686; 5675(3995)2865; 3544(2434)2894; 9492(6855)2917; 1640(4903)3182; 4208(2041)3209; 8272(8125)3279; 9586(4903)3376; 2807(3995)3402; 117(8204)3419; 3426(6685)3488; 8193(7391)3616; 3159(3320)3729; 470(7391)3803; 7630(5379)3846; 6542(5379)3870; 3459(9792)3975; 5955(8125)4062; 7909(667)4095; 5453(2434)4392; 5855(9792)4576; 2951(667)4849; 7654(2041)4878; 6163(8204)5081; 2869(352)5235; 3626(3320)5250; 5986(8125)5346; 6711(271)5361; 2435(6705)5810; 5396(1611)5942; 805(4715)6292; 8794(6685)6794; 5854(1557)6907; 3923(9057)7026; 2382(8125)7231; 8443(3921)7780; 4009(9057)8117; 3282(6802)8466; 6342(1107)8672; 69(8836)9320; 7603(6705)9329; 366(1557)9565; 8013(3995)9736; 
95: 9707(4208)9; 6445(7654)108; 6142(8794)346; 6830(9586)563; 3241(5955)609; 6687(1754)695; 1657(470)897; 1199(470)900; 2301(6711)945; 5022(9031)1095; 4063(9031)1126; 9233(9920)1130; 1188(4490)1488; 2959(565)1923; 6005(3923)2008; 4707(9817)2084; 4388(9817)2121; 8910(3426)2354; 9198(3282)2407; 2325(565)2599; 1278(5854)2633; 1912(5396)2702; 9704(6669)2758; 9653(8193)2827; 5965(7603)2888; 4865(83)2950; 2871(5986)3228; 6804(5854)3369; 852(2807)3501; 9371(1646)3525; 7731(6542)3691; 8765(5675)3699; 2128(5675)3713; 1272(7909)3895; 5609(3159)4230; 7609(9492)4281; 3359(9492)4520; 7534(9031)4681; 9010(5986)4908; 7514(2435)5032; 5509(5986)5189; 9203(3544)5294; 7318(2951)5340; 893(1646)5463; 158(1640)5566; 4874(5396)6020; 6998(2435)6200; 6483(8443)6272; 8565(9586)6494; 6367(2951)6742; 2398(7654)6899; 3681(3618)6915; 673(3618)7803; 2496(6163)7919; 5249(9031)8060; 232(3159)9168; 184(2066)9752; 1758(6711)9797; 6906(3923)9957; 
96: 7540(9010)58; 1464(9010)119; 9583(6142)190; 6602(6998)224; 3883(9371)257; 848(9371)356; 1435(6830)364; 4533(893)371; 8792(2959)581; 8217(9203)700; 1274(2496)836; 2306(7731)996; 5123(4865)1097; 2386(1199)1167; 8740(2398)1318; 2370(1199)1435; 8869(2301)2007; 6077(5022)2023; 9213(2128)2102; 6117(6804)2132; 4690(2871)2188; 2635(3241)2197; 8980(8910)2433; 8323(232)2436; 8597(7534)2768; 6785(3681)2957; 1232(1188)3108; 4899(9203)3157; 7968(6998)3244; 5997(1272)3646; 8849(1657)3728; 1850(7731)3905; 2361(852)3920; 7717(2398)4123; 9116(3241)4129; 5355(2128)4238; 233(4865)4269; 485(5609)4330; 9679(9233)4424; 8001(7514)4658; 7871(1272)4662; 4795(6483)4834; 5917(9653)4899; 4320(232)5068; 6361(9203)5095; 3605(4865)5160; 5601(2398)5244; 9884(6483)5496; 3178(4707)5654; 3965(158)5751; 5539(5609)5960; 1099(5609)6058; 3125(2325)6288; 3254(8910)6790; 6421(6483)6804; 5455(6906)6822; 4891(2959)6850; 7577(7534)6869; 8465(2496)7093; 2530(2959)7354; 2742(1278)7795; 8591(1272)7813; 8671(9371)7854; 8496(9203)8008; 2670(1199)8056; 3615(7731)9875; 
97: 718(1099)56; 959(3254)591; 7666(6077)611; 6290(6785)811; 1573(1435)814; 5456(2361)829; 4171(1435)864; 4698(5997)1225; 3085(5539)1384; 8982(5123)1390; 3782(9679)1487; 5542(9583)1991; 9180(5355)1995; 3156(5539)2053; 3067(8792)2076; 4479(1850)2090; 1896(6117)2100; 1185(8597)2207; 7995(5917)2273; 5771(3178)2505; 6035(2530)2569; 6329(7577)2601; 5099(2306)2926; 3212(1435)3377; 4945(2361)3518; 5990(6421)3810; 7610(5997)4169; 2263(7540)4250; 1587(1435)4295; 1164(8597)4484; 9952(5123)4709; 2271(3615)4814; 9539(9116)4887; 8960(2386)5034; 4410(1464)5067; 5011(9884)5241; 497(1274)5437; 3389(2361)5461; 9086(4690)5884; 669(9213)6000; 3332(7540)6036; 8785(2306)6103; 3447(2635)6269; 4021(7540)6294; 1314(5539)6937; 2211(9679)7002; 7541(1464)7027; 2202(2361)7138; 127(1274)7221; 2820(3965)8091; 9932(1274)8374; 1833(8792)8550; 103(7540)8683; 153(9679)8953; 7002(7717)9420; 
98: 7888(5542)32; 9512(4479)329; 8261(1833)396; 3422(5011)472; 2436(6290)569; 5765(5542)589; 1821(9086)638; 3080(5990)687; 6213(4698)767; 6232(127)974; 6177(2211)1558; 7758(8982)1608; 4280(5011)1814; 8222(669)1884; 9276(9180)2125; 6066(3447)2150; 1508(5771)2183; 6868(8982)2446; 7368(8982)2624; 2107(5011)2682; 4449(3782)2782; 2665(497)2896; 8008(9180)3109; 2634(8982)3174; 2351(3156)3384; 7553(1314)3576; 1201(8960)3749; 8725(4021)3897; 5433(4698)4076; 4155(3156)4218; 3487(9180)4700; 6343(5542)4725; 1354(4698)4926; 4487(7610)5088; 5110(2263)5138; 826(9180)5253; 5761(5771)5495; 4300(3067)5701; 3964(9180)5765; 6725(959)5937; 2915(103)5947; 7213(7666)5982; 757(3156)5997; 6314(4410)6034; 1586(3782)6143; 4631(4698)6149; 8629(4410)6238; 95(4479)6753; 2033(9952)6831; 2412(3332)6964; 5893(5456)6990; 8588(1185)7013; 3357(3156)7207; 8316(6329)7492; 2460(9539)7500; 5146(718)7626; 4660(5099)7687; 1165(8785)8085; 156(959)8257; 8365(7666)8775; 3693(3782)9368; 1033(9539)9847; 3976(5011)9850; 
99: 76(1165)52; 7304(4449)176; 3117(5110)366; 1682(8629)666; 7158(3487)688; 8214(4155)824; 5214(3080)1073; 5404(6213)1445; 8234(5761)1451; 5383(8365)1727; 1533(3487)1808; 4912(4487)1861; 541(9512)2044; 8538(1821)2064; 7757(95)2093; 2956(6213)2252; 5781(6177)2310; 8558(6725)2493; 1433(9276)2643; 9340(8629)2765; 2576(4631)2845; 4046(6314)2943; 8338(8222)2980; 8547(4449)3236; 9143(4155)3715; 8150(7758)3793; 3453(8008)4091; 4603(5110)4134; 3258(4631)4999; 8612(5765)5020; 208(826)5152; 3986(1586)5162; 7054(826)5271; 1067(5110)5273; 7000(6725)5537; 6420(8588)5680; 5026(3964)5832; 3960(3964)6016; 8964(6343)6065; 1138(3487)6228; 5058(4487)6472; 4358(7553)6628; 4153(5765)7109; 4604(757)7175; 9015(2033)7178; 4390(6213)7379; 844(7368)7598; 187(8725)7878; 2630(7758)9821; 
100: 9477(1433)150; 9040(3453)380; 7181(2576)576; 1003(541)617; 9803(7757)730; 4493(3960)781; 9503(1138)790; 9669(7000)892; 3497(1533)927; 9061(8538)932; 1329(8338)1087; 8735(9015)1287; 9365(541)1931; 3024(3453)1964; 6954(7158)1968; 6644(3453)2002; 2523(7054)2074; 1523(3117)2096; 570(7158)2334; 1595(1533)2552; 2855(3960)2590; 2357(2576)2716; 7180(6420)2989; 9970(1533)3303; 3160(8558)3874; 1678(4912)3916; 2546(4390)4119; 4325(3960)4307; 727(4604)4454; 2268(3453)4511; 3005(4912)4793; 7311(5026)5046; 2910(1433)5111; 3251(4603)5174; 4164(8547)5231; 8630(8150)5281; 7623(8538)5584; 1286(8214)5601; 1037(1067)5739; 9185(2956)6160; 7704(208)6212; 8434(5058)6281; 9019(4912)6434; 445(3453)6774; 6628(2956)7384; 6510(9340)7523; 1652(3117)8113; 2658(2576)8124; 8859(4358)8638; 1918(3117)9493; 
101: 2137(2910)4; 4687(2357)41; 3560(2546)739; 3276(1595)807; 4359(6954)1035; 4215(6954)1743; 7037(9970)1835; 8134(9365)2077; 3515(9185)2305; 1129(9365)2360; 8162(9040)2372; 4417(4493)2671; 6903(7181)2743; 4972(2357)2832; 3210(2357)2920; 3175(9669)3075; 7239(1003)3097; 8746(7704)3206; 4357(4325)3327; 5501(8630)3372; 1108(9185)3468; 2439(6510)3493; 3009(7623)3772; 4422(2855)3859; 6112(2523)4209; 7184(1523)4298; 9575(1286)4397; 4369(4164)4582; 2779(3005)4691; 3910(2910)4708; 4492(2523)5159; 3404(445)5267; 1690(7623)5268; 9513(1652)5625; 5818(8859)5971; 3166(9970)5984; 7665(3024)6277; 9879(7180)6346; 8014(8735)6375; 633(2268)6484; 6243(9019)6940; 4277(445)7108; 8290(7311)7234; 3460(2910)7441; 2766(9019)7670; 5798(6954)7754; 5929(2523)8674; 8321(7623)8776; 9267(1918)9390; 9551(9185)9537; 1851(8859)9715; 
102: 5140(3210)29; 7289(7239)69; 8413(4972)160; 1843(4422)399; 5149(7037)509; 1458(2137)762; 1591(3910)1224; 2987(2779)1717; 7193(9513)1768; 7140(9575)1892; 6249(4357)1963; 120(2779)2048; 2887(3166)2065; 7486(4492)2127; 267(8162)2346; 1237(7665)2549; 2506(1129)2711; 3448(4359)2727; 4882(8162)2745; 6925(4687)2787; 231(3166)2954; 2585(5798)3230; 5176(6112)3382; 5851(3515)3467; 4789(4417)3473; 3473(4359)3636; 5834(4972)3650; 9310(3460)3822; 1307(9575)4189; 9345(6243)4248; 677(8014)4284; 4311(7665)4400; 6706(3210)4483; 1987(7184)4490; 1653(7037)4518; 9356(7037)4525; 3427(3210)4625; 2923(8134)4743; 806(3910)4788; 2121(4972)4861; 5198(4422)4976; 2142(4357)5121; 6254(6903)5129; 8854(4972)5198; 5424(4277)5199; 2609(633)5339; 5652(6112)5387; 7824(3910)5494; 8537(9575)5706; 8834(3276)5726; 4090(4215)5800; 6167(6903)6013; 6972(4359)6090; 6793(4492)6369; 4043(4357)6448; 5419(2137)6542; 8998(5501)6867; 8436(7665)7259; 5190(9551)7968; 6979(4687)8336; 3809(2766)9252; 2751(9879)9861; 
103: 6718(8537)143; 5155(7824)193; 6549(3448)220; 9417(3473)266; 3610(2609)512; 5036(7486)561; 9366(7289)717; 8646(6793)777; 2907(3427)1072; 7938(7486)1191; 2176(6925)1229; 7077(5851)1312; 1389(120)1314; 3045(7140)1416; 8872(8413)1554; 5911(4043)1623; 6997(7289)1655; 7453(6167)1706; 2378(5834)1730; 3272(8834)1763; 458(4882)1839; 4426(5149)1849; 2216(5851)1926; 8454(9345)2085; 4799(7140)2130; 6534(2887)2221; 6153(2142)2513; 107(8537)2560; 3885(9356)2872; 7382(231)3070; 8542(2987)3225; 4754(5149)3275; 326(6167)3294; 873(8413)3356; 1102(5834)3371; 1885(8854)3508; 8555(6925)3633; 3335(6167)3670; 2511(8537)3716; 8827(267)3767; 4470(5834)3832; 277(2585)3885; 2845(8537)3912; 789(6793)3928; 1375(4090)4154; 2617(9356)4222; 729(8436)4419; 7821(1987)4534; 2447(231)4717; 6449(2923)4734; 5978(120)4865; 5607(4311)4919; 7653(267)5025; 7607(1237)5206; 3137(1987)5336; 1600(3448)5341; 1822(6925)5380; 8180(1653)5657; 2098(2987)5665; 29(806)5786; 1139(6706)6253; 5175(8834)6283; 5973(2887)6564; 7591(1237)6643; 4456(4882)6702; 8583(7289)6900; 3032(6706)7444; 7839(7140)7594; 7667(1653)7685; 331(5190)7823; 7706(7486)8360; 7344(5190)8552; 7425(2506)8592; 9826(1307)8800; 6133(6793)9029; 4570(1237)9346; 
104: 7842(5036)289; 3264(5978)474; 2900(8583)732; 7768(6449)741; 376(3335)810; 8578(3335)821; 139(7667)968; 9890(4754)1041; 6960(3137)1047; 3629(7607)1054; 7626(7607)1061; 9697(2098)1128; 6172(7382)1243; 2805(4570)1342; 2228(3885)1456; 6772(2447)1472; 1255(326)1590; 4872(9417)1594; 188(4570)1678; 8909(7938)1942; 2735(8646)2068; 3442(3885)2099; 8138(789)2141; 5956(7653)2147; 4317(331)2149; 3196(7607)2175; 856(458)2301; 4628(7077)2526; 4802(9417)2640; 5109(729)2651; 8308(8555)2812; 4554(8454)3047; 6709(2447)3079; 9846(5175)3151; 869(873)3227; 8818(2617)3304; 4049(7077)3332; 9543(5607)3387; 3542(8827)3409; 9561(5175)3511; 918(7938)3786; 2703(7821)3806; 957(1389)3865; 1638(3272)3886; 3228(7706)3889; 9775(6449)3988; 9991(5155)4050; 5532(1389)4077; 104(2447)4172; 3373(5155)4592; 8411(9366)4630; 1459(6153)5050; 4844(7938)5122; 4356(1885)5410; 8570(6153)5446; 8531(2617)5447; 3817(7938)5488; 6207(6549)5525; 9998(1600)5636; 3200(1139)5837; 6215(1389)6062; 5548(2511)6098; 2042(2845)6130; 4632(4799)6183; 8059(3885)6194; 9577(2907)6338; 7505(5155)6498; 4343(4456)6535; 2508(8583)6748; 12(5155)6860; 8295(4799)6935; 9309(2907)7238; 6513(7821)7426; 8846(1600)7681; 1297(29)8428; 2353(6997)8795; 1326(7938)9010; 6835(3137)9449; 5285(5607)9605; 
105: 6315(6772)45; 4669(1638)242; 8298(8308)263; 2903(4844)457; 4735(104)510; 9848(4343)515; 6459(3817)691; 8422(139)736; 5219(9697)815; 4281(869)873; 2883(7842)985; 8362(3373)1032; 6150(8531)1040; 7622(9998)1085; 4885(918)1307; 9907(5548)1385; 2659(6207)1562; 4233(8570)1745; 3225(9309)1755; 5186(2703)1788; 2280(6172)1798; 481(957)1837; 335(9543)1910; 8747(4844)1921; 7749(2228)2039; 4175(1255)2422; 3413(104)2463; 6893(9561)2612; 8492(4628)2729; 2538(9991)2730; 3305(3442)3204; 2559(104)3302; 9103(7626)3413; 6161(9991)3503; 4764(4632)3523; 4478(8818)3656; 977(3228)3896; 2188(1255)3909; 1212(1255)3948; 9658(6709)3965; 3727(8578)4162; 3520(8059)4163; 6949(8059)4176; 6509(4628)4179; 2197(4872)4492; 9120(8138)4556; 1287(8818)4567; 2416(8570)4673; 3585(5956)4792; 2115(6207)4879; 7281(4872)5018; 9861(8411)5202; 3697(1638)5485; 1427(8578)5660; 3488(3442)5774; 9894(4343)5795; 1439(4632)6001; 3899(9846)6132; 6434(9697)6163; 7710(9697)6588; 5468(8818)6603; 2733(4802)6652; 4940(5956)6827; 3571(918)6974; 211(2900)6987; 8268(4802)7306; 3760(5109)7420; 9807(4343)7564; 8169(2735)8135; 5777(3196)8220; 5666(139)8384; 2594(9890)8414; 6978(9846)8572; 7677(1459)8590; 1838(5548)9074; 7334(3442)9097; 1727(5548)9119; 6378(8570)9204; 2234(376)9219; 143(9561)9640; 6844(6709)9900; 
106: 1172(6509)13; 5560(2280)198; 1113(3571)232; 2391(6459)246; 2354(3899)252; 6552(6150)272; 2048(2659)333; 3531(3571)398; 7255(2659)467; 7848(5468)508; 3897(6459)516; 5332(9103)519; 2212(2883)608; 1564(6509)786; 1992(3413)839; 8485(8747)858; 4035(6949)883; 7106(4233)931; 8881(6150)951; 9111(3520)1059; 4469(3727)1281; 6437(5219)1344; 650(9861)1393; 2773(6150)1409; 4594(8422)1574; 551(2197)1579; 4174(9103)1581; 9526(4669)1620; 8528(2733)1719; 4834(3305)1746; 9457(335)1767; 7356(5666)1800; 5119(4735)1851; 1042(2659)1870; 1500(481)2006; 9073(3899)2204; 5187(3697)2208; 288(3305)2348; 9936(7281)2356; 8285(2559)2515; 4461(1439)2535; 2567(7749)2536; 9510(7677)2543; 933(8362)2545; 7450(7677)2553; 9396(2733)2576; 9959(3899)2652; 9004(5186)2785; 5968(2903)2802; 8270(2559)2929; 2190(7622)3172; 7071(2883)3179; 837(2733)3359; 5695(6150)3534; 6118(6509)3624; 291(7710)3645; 753(6978)3927; 7295(9861)3952; 3222(9120)4160; 6087(5219)4208; 6430(3571)4226; 8787(6150)4235; 9995(7749)4667; 2112(4175)5119; 2700(4478)5144; 6847(1212)5165; 5906(211)5188; 1268(2659)5298; 5954(2538)5363; 3557(335)5477; 4959(2115)6129; 8966(2903)6158; 5366(2883)6468; 2162(9807)6539; 3167(9120)6602; 2183(1287)6714; 8120(6459)6866; 9536(2538)6967; 8092(4175)7011; 2622(9848)7154; 8182(5777)7370; 3848(3225)7482; 8995(6509)7592; 9046(6459)7688; 4775(1727)7925; 5232(7334)8073; 5245(3488)8359; 4736(2659)8728; 2550(3585)9076; 5828(4669)9760; 7258(1427)9766; 5189(6509)9808; 
107: 5831(1500)164; 694(9457)365; 8060(1564)405; 6896(1992)406; 2240(5560)447; 1054(6552)475; 4496(4834)538; 7726(551)673; 997(9004)683; 247(9004)758; 3592(2773)840; 4477(8120)978; 4471(4469)1013; 6092(3848)1227; 2895(2567)1234; 1826(3557)1242; 6989(7450)1256; 9329(9936)1331; 9045(5332)1340; 6707(933)1522; 8520(5187)1646; 2926(8270)1773; 7352(8881)1993; 3684(6552)2035; 8484(9004)2172; 8533(9004)2217; 4149(5968)2465; 2415(5560)2488; 5079(5968)2530; 5043(9073)2700; 4419(650)2750; 8566(7295)2808; 2582(9995)2824; 5705(1268)2889; 4956(9526)2890; 6688(7356)2931; 6202(9396)3095; 9637(8285)3100; 2549(8285)3193; 390(2550)3412; 8606(9959)3416; 3462(3897)3521; 9621(2700)3706; 2049(6087)3752; 8876(8881)3800; 6106(6430)3904; 778(5245)3984; 1732(9111)4073; 9986(7295)4089; 1446(8485)4174; 3230(7258)4441; 8576(2391)4443; 2925(2048)4696; 5779(753)4835; 3013(3167)4841; 8609(5695)4889; 9659(2162)4907; 4048(7848)4986; 7463(1500)5066; 4985(8881)5070; 7927(1268)5131; 5406(2212)5155; 7440(551)5196; 2761(7071)5270; 6115(8966)5394; 6955(9995)5554; 4019(3531)5645; 7482(291)5693; 450(3557)5785; 610(5560)5806; 9063(6087)5821; 1203(1564)5880; 9573(9046)5936; 2110(650)5967; 9528(5906)6268; 6876(7071)6427; 6985(2112)6504; 3215(1500)6607; 2006(6847)6727; 9929(2112)6788; 1677(9510)6865; 1391(6437)6874; 3417(4174)6986; 1709(5332)7030; 4(7258)7274; 6565(5954)7406; 9000(6118)7611; 5048(5332)7675; 1603(4736)7765; 8618(1992)7965; 1339(5968)8445; 7808(7258)8671; 7595(2354)8726; 7496(8966)9164; 5354(7071)9669; 3195(3167)9683; 952(7848)9758; 
108: 6169(4471)124; 2772(3684)241; 88(247)255; 5853(8576)327; 6488(9045)560; 5942(6876)588; 4644(2006)603; 6908(3417)636; 1348(6106)752; 6645(7440)801; 7915(8484)894; 1526(9329)938; 5410(3195)1065; 5755(9986)1187; 269(1339)1209; 8227(997)1215; 7137(2549)1259; 6917(2926)1394; 7512(3215)1401; 6720(610)1550; 4050(8060)1568; 1529(8576)1571; 9344(1339)1658; 128(5705)1757; 3051(450)1804; 3756(5079)1916; 5206(6985)1996; 1866(7352)2049; 4901(3230)2101; 488(4048)2174; 4837(2582)2250; 5467(8876)2274; 5930(6989)2438; 5918(6565)2470; 7602(1203)2621; 6701(9063)3019; 4180(8520)3027; 146(2549)3083; 2242(8484)3105; 5138(2582)3287; 5778(5043)3298; 8350(6565)3502; 5035(2240)3504; 3401(9000)3785; 1148(2895)3817; 3667(1732)4086; 1133(5831)4107; 4179(952)4267; 3438(9528)4583; 5090(2240)4656; 1401(5048)4759; 3958(2582)4821; 5454(7482)5062; 1076(9063)5108; 9700(8566)5181; 7681(5043)5185; 5466(2925)5421; 4004(5705)5771; 6054(2006)5862; 7381(8606)5989; 7586(9045)6045; 2595(4985)6114; 7417(2895)6165; 2345(3215)6229; 6738(7440)6230; 4345(2049)6343; 2981(3592)6503; 1949(5705)6664; 9546(7482)6706; 4979(4019)6815; 8806(1391)6832; 4921(247)6863; 6075(2895)6882; 5241(1203)6925; 7574(8520)7010; 1847(6989)7031; 692(5079)7201; 6194(2926)7232; 3931(1054)7241; 6879(5705)7490; 3149(997)8043; 5446(9329)8174; 3536(4477)8365; 8626(9929)8739; 9681(6202)8763; 7313(9573)8846; 9246(778)8927; 4365(7726)9237; 2443(5043)9432; 4132(3230)9643; 
109: 135(5138)17; 4083(6701)27; 7687(8626)211; 1632(6908)250; 5577(1148)336; 2795(1401)395; 4859(5035)444; 555(5942)518; 20(3931)565; 662(3931)613; 2330(6075)637; 5987(7681)775; 261(4365)847; 5677(146)911; 4380(6720)963; 6618(4837)1000; 7007(7574)1157; 1344(5778)1205; 984(8626)1286; 6413(3931)1324; 1081(7512)1466; 4915(5206)1476; 5101(8227)1775; 1887(6701)1830; 7188(5755)1909; 2423(4050)2115; 870(7381)2247; 2422(7417)2388; 4714(3958)2514; 7549(4050)2776; 9742(4365)2799; 2072(6169)2829; 4650(7137)3012; 8241(6645)3031; 3719(1529)3036; 2841(3756)3111; 9613(9546)3126; 9713(9700)3214; 4948(7137)3232; 447(7381)3259; 2612(5942)3396; 5962(2772)3420; 2114(8806)3554; 424(2772)3559; 6073(1076)3759; 3056(6720)3760; 3291(3149)4114; 4700(5755)4152; 1787(7915)4159; 4170(3931)4233; 6559(7137)4254; 978(6054)4259; 7250(5778)4317; 2921(3958)4355; 2866(7681)4457; 7321(7602)4523; 5769(9546)4561; 1153(4050)4784; 9176(4979)4931; 5699(6917)4980; 6926(4365)5115; 8512(7602)5118; 3208(1866)5207; 2269(4644)5239; 491(3051)5284; 6022(4345)5375; 1465(6879)5383; 6918(6879)5426; 1661(4004)5464; 7102(2981)5507; 4838(2443)5542; 6014(7602)5549; 8978(4979)5917; 3744(9546)6213; 2502(4644)6244; 8077(2345)6252; 6364(488)6506; 8674(3051)6846; 3256(6917)7260; 6174(5467)7550; 5908(7586)7680; 1935(2981)8018; 3306(3438)8562; 1567(5918)8597; 8736(4179)8662; 1476(3051)9410; 4781(1949)9965; 
110: 1294(1344)120; 3466(7687)170; 60(9176)187; 7766(8241)216; 3109(5962)248; 6280(5699)310; 78(4714)479; 4457(135)551; 3467(1632)772; 9910(8512)934; 2674(8512)1033; 3414(6364)1192; 3456(1465)1283; 7703(491)1319; 4097(447)1400; 9767(8241)1480; 7227(2502)1494; 4330(1081)1639; 4819(1153)1769; 7459(7188)1799; 6965(5987)1806; 8064(8241)1886; 9273(9713)2169; 5660(2612)2181; 5115(4650)2271; 1420(9613)2338; 5864(5987)2449; 311(9613)2458; 9982(3719)2494; 5881(2841)2558; 5430(5987)2736; 6487(555)2811; 6742(5769)2853; 8128(6073)2937; 2482(5699)3086; 6205(6918)3267; 2473(3256)3358; 3752(4170)3363; 3566(1632)3411; 8530(9713)3505; 2431(3306)3517; 6969(4700)3538; 4564(8978)3604; 7019(7549)3677; 9801(3719)3844; 2681(1081)3957; 7415(6073)3986; 3298(4838)4074; 9615(7102)4128; 4252(7102)4243; 3663(5962)4362; 280(2423)4366; 8969(5962)4463; 6543(3744)4482; 7669(261)4516; 7284(662)4632; 7026(5987)4763; 1968(9713)4779; 8663(6014)4799; 9753(4714)5014; 7672(491)5263; 4550(3208)5405; 9321(9713)5442; 7841(978)5486; 2029(7102)5688; 7901(3719)5690; 2455(2612)5711; 7390(3744)5737; 9732(5677)5827; 9463(2269)6049; 3621(2866)6172; 2262(3744)6188; 4766(2921)6240; 4664(261)6311; 4897(3208)6344; 7708(1787)6383; 5910(3744)6422; 1122(7250)6432; 3850(8736)6553; 5212(555)6578; 8562(2841)6592; 3397(1787)6594; 9194(2612)6746; 22(7321)6821; 8610(7321)6851; 6500(8241)6918; 4848(3744)6965; 3126(1567)7738; 6477(1787)7777; 9976(8241)7964; 9828(3256)8047; 1998(8077)8106; 6156(4948)8111; 6363(8512)8295; 4454(3291)8298; 3028(7321)9238; 909(3256)9273; 9644(6926)9516; 971(1465)9577; 2384(5699)10000; 
111: 2752(6500)99; 6748(5115)483; 676(311)526; 4719(4550)547; 934(1294)731; 4378(8663)833; 1952(5881)877; 3772(3663)898; 250(4330)936; 426(1420)958; 3766(1968)1009; 3120(8610)1082; 5995(7901)1086; 7023(7459)1220; 7775(5910)1245; 375(6280)1250; 3994(7901)1350; 2626(1122)1427; 7203(9732)1692; 2047(2455)1744; 9085(8663)1777; 9540(1122)1876; 9966(3566)1913; 8410(9801)2021; 1142(3466)2080; 7354(7766)2460; 1251(3621)2586; 3492(1294)2885; 410(9910)2974; 8921(7766)2994; 7587(6965)3020; 4140(6969)3064; 3808(7766)3563; 5541(9910)3605; 3242(7841)3653; 8979(2681)3685; 9388(60)3840; 1223(9273)3968; 1911(8562)4161; 1209(9828)4410; 4186(8610)4564; 8370(7026)4842; 45(1420)4850; 4501(7669)4890; 4701(4848)4949; 6817(3456)5044; 3806(280)5063; 1454(4252)5074; 6641(5910)5092; 5086(971)5214; 7906(971)5283; 671(3663)5299; 531(4330)5311; 5951(1122)5342; 8156(7026)5379; 6226(3621)5470; 4763(971)5723; 2796(3414)5780; 340(5660)5792; 6968(78)6054; 8117(7019)6064; 9757(3621)6093; 9636(9982)6179; 2368(3621)6218; 4931(8969)6297; 2545(8663)6324; 1474(5910)6561; 2718(4848)6568; 7033(5430)6656; 96(7390)7084; 9926(9753)7118; 3685(5881)7226; 3144(7669)7324; 7965(7284)7410; 457(4550)7730; 8334(9321)7788; 6962(4848)7884; 1397(909)8055; 4460(6969)8177; 7210(6363)8212; 4938(8064)8354; 8750(1968)8371; 5451(8969)8614; 8361(6280)8645; 2031(7227)8694; 522(7390)8981; 5238(9910)9034; 6296(6969)9145; 9214(4848)9448; 4506(1122)9887; 
112: 3843(2718)48; 3004(1209)130; 8253(45)245; 7201(7203)300; 3271(1251)433; 5960(8361)677; 1941(3242)728; 8038(6641)735; 8835(4140)895; 2916(7906)1164; 5565(9540)1180; 2596(8334)1341; 9232(1454)1408; 2847(5451)1457; 1751(8156)1524; 7562(1952)1852; 2590(426)1896; 798(96)1959; 2715(2047)1986; 9606(2718)2005; 3712(4763)2097; 2005(8117)2116; 8345(4719)2275; 8301(96)2279; 9418(4701)2405; 6173(2752)2492; 8354(7354)2583; 6304(7775)2602; 755(1142)2773; 7660(410)2809; 6383(1223)2918; 3601(9636)3178; 8763(8156)3188; 2016(7775)3499; 5474(4719)3914; 7398(9757)3935; 9062(4763)3956; 3194(4140)4262; 1213(5238)4337; 6822(5995)4736; 9881(7023)4796; 5876(9085)4872; 5524(5951)5012; 1832(2545)5045; 9556(4378)5135; 5173(8156)5247; 451(7587)5249; 858(250)5295; 3110(1251)5353; 7215(3766)5425; 865(3806)5434; 8271(5951)5551; 3593(5451)5681; 4431(4719)5805; 2637(1911)5879; 7479(6968)5911; 5152(8921)5932; 948(4378)5987; 4951(8750)6097; 9263(6817)6208; 505(2368)6232; 7182(7354)6365; 9563(531)6431; 9240(3492)6497; 401(3994)6820; 5318(7203)6904; 9148(5541)6956; 4096(9636)7004; 9564(6968)7404; 6594(3242)7502; 3757(3242)8086; 7760(426)8105; 9016(7906)8112; 7612(2718)8340; 8043(9966)8383; 4327(7587)8599; 2020(5086)8845; 9422(6968)8850; 6286(8410)9125; 6814(1454)9295; 5549(6817)9776; 
113: 3412(5474)65; 9138(9563)113; 204(7215)195; 4172(948)226; 7925(3593)260; 4508(7201)306; 7400(2715)375; 5592(5524)414; 8899(9232)619; 3420(9263)806; 4665(1832)926; 9118(451)1050; 9054(7479)1282; 4639(2596)1360; 1328(6383)1365; 6089(2596)1414; 9398(948)1438; 3728(5152)1541; 2955(8345)1635; 5774(8271)1660; 8503(6383)1712; 4251(7562)1790; 2193(5524)2154; 6519(7562)2178; 1018(2020)2180; 5970(9606)2230; 7379(8038)2291; 9351(9062)2319; 5348(7182)2409; 4965(6304)2544; 3307(7182)2626; 3055(858)2630; 407(798)2708; 2287(2016)2722; 5903(3593)2756; 3936(2005)3010; 6647(2005)3030; 568(1832)3121; 1292(7660)3145; 3352(8345)3220; 7928(401)3438; 189(7562)3541; 8446(948)3652; 4679(6822)3727; 1353(8835)3780; 6260(9606)3996; 3933(1832)4087; 8140(8271)4282; 1784(5876)4328; 6470(9606)4377; 6717(9563)4645; 7994(2637)4663; 5251(8345)4716; 2695(4431)4740; 7446(2637)4932; 7449(7660)4998; 1162(865)5016; 4721(8763)5288; 6980(798)5302; 8050(6304)5429; 3733(2005)5441; 6162(9418)5667; 2768(3757)5715; 4370(3712)5941; 170(5173)5991; 5744(1832)6137; 3395(1941)6147; 1536(5173)6429; 4856(798)6597; 4126(9606)6611; 6139(5152)7056; 6062(9556)7078; 8275(5474)7212; 5253(5173)7240; 9298(8271)7246; 7531(8043)7307; 846(8038)7329; 574(3843)7405; 9822(2590)7581; 2657(3601)7844; 532(7760)8014; 2336(4327)8040; 4177(2916)8213; 503(858)8276; 3237(8835)8741; 2296(7760)9091; 8186(7660)9116; 7536(2020)9138; 7554(5318)9360; 9824(6173)9389; 4075(6814)9963; 
114: 5260(4251)39; 4451(204)205; 9993(2955)219; 5723(204)318; 9415(6062)628; 9449(1784)760; 681(4639)849; 1664(6980)859; 115(7928)1019; 6852(3728)1151; 256(5348)1169; 5921(3933)1535; 5351(6470)1559; 4429(407)1606; 8524(1162)1732; 6665(6717)1891; 762(9351)1911; 9074(3933)2071; 5044(3728)2185; 3918(1353)2454; 6914(3055)2537; 7236(5251)2585; 1622(3395)2596; 2305(5774)2619; 5809(1536)2815; 7333(7994)2834; 9339(2695)2914; 1955(9298)3078; 6872(9298)3140; 8037(8899)3269; 8853(2193)3276; 5076(4126)3398; 1180(3936)3484; 3696(574)3768; 8358(846)3789; 7430(3395)4085; 5(8140)4098; 2978(9351)4196; 1249(4965)4319; 604(3936)4373; 8081(3395)4602; 9863(568)4730; 8599(7379)4809; 2000(7400)5117; 3887(574)5219; 8906(6260)5466; 9651(2193)5608; 976(2695)5640; 8505(3352)5738; 2448(2336)5770; 8005(5592)5803; 8381(8503)5910; 6927(7400)6180; 8727(4126)6521; 4527(6089)6549; 5470(1353)6912; 1818(3420)6919; 4248(3352)7145; 9886(6470)7303; 2528(6162)7565; 435(3936)7728; 4566(5251)7743; 9595(3412)7762; 7832(532)7832; 9441(7400)8420; 2717(2296)8448; 4511(7531)8844; 9838(7536)9073; 
115: 6873(9074)96; 6246(7236)206; 1308(8853)437; 8598(1664)464; 4955(8381)495; 8108(1955)917; 6891(1622)989; 9284(1622)1025; 2249(8037)1237; 9778(9449)1244; 4198(8505)1464; 1856(256)1529; 6240(6927)1854; 3509(2000)1945; 3867(256)2051; 6451(8524)3005; 966(1249)3071; 8175(9886)3368; 8680(8358)3485; 3530(8727)3575; 2113(1180)3762; 8311(115)3850; 1442(5076)4024; 8310(4451)4103; 5157(9993)4343; 1547(8599)4382; 4200(3696)4464; 6193(5470)4609; 2174(2717)4762; 696(8381)4922; 6892(8906)4956; 4725(8505)5036; 5421(9993)5168; 8211(8906)5345; 8499(115)6778; 9431(9415)7102; 2117(9339)7204; 2476(8505)7214; 1562(4451)7243; 2495(9863)7270; 9079(8906)7336; 2152(5723)7398; 4203(8081)7468; 2790(1818)7472; 5019(681)7522; 225(2305)7806; 6462(5723)7977; 9403(8599)8246; 3378(8906)8725; 8664(1180)9053; 8803(4527)9214; 3711(5809)9257; 7825(9415)9594; 
116: 7043(5157)88; 3127(2476)91; 2591(6246)459; 3686(2495)913; 3107(2113)983; 2982(9778)1193; 8661(1308)1266; 613(6193)1395; 6399(5157)1473; 2381(6451)1526; 1359(2476)1566; 1667(4725)1575; 9219(8108)1663; 6433(9403)1665; 8608(3530)1863; 3598(5157)1900; 7990(5421)1918; 4002(4203)2193; 2726(2495)2213; 3052(8310)2371; 4908(4955)2400; 4382(6240)2828; 6429(6193)2847; 3072(8175)2919; 4975(4200)2976; 6664(1562)3134; 5975(2152)3135; 7099(1562)3794; 1468(3509)4188; 9078(8598)4532; 7876(8499)4692; 9164(9778)4761; 3275(2117)5212; 1285(1442)5423; 362(8664)5526; 3974(8175)5747; 7524(2113)5896; 4405(9778)6167; 5743(5157)6205; 6239(9431)6226; 5994(3509)6363; 2149(8311)6574; 6693(4198)6639; 9829(4203)6868; 6369(8680)6957; 6683(6462)7072; 7684(2174)7177; 5691(2790)7337; 4275(2790)7746; 7377(6873)7831; 3882(9284)8570; 8511(2113)9809; 
117: 5088(6429)660; 6818(362)749; 7063(6664)1121; 938(4405)1289; 8879(4908)1398; 9675(3275)1458; 6146(1285)1716; 4832(4908)1784; 4869(4382)2317; 583(9164)2522; 2800(6693)2592; 7696(4908)2969; 8216(1359)3199; 1908(5975)3211; 82(4975)4032; 6517(1667)4090; 7581(2381)4207; 1181(5743)4536; 2004(3127)4824; 7242(6399)4859; 4658(4002)4971; 9189(5743)5003; 1087(6399)5057; 7155(9164)5120; 2953(4002)5184; 9123(1285)5222; 9722(3275)6109; 7291(2149)6124; 9239(6433)6370; 3033(6399)6482; 1518(6664)6509; 9177(4908)6673; 5581(5975)6983; 7174(6693)7129; 1735(3275)7739; 5286(2591)8071; 4095(6399)8504; 9423(3275)8833; 6575(3275)8954; 2816(5975)9045; 5459(2381)9075; 4158(3686)9263; 
118: 3344(1735)218; 2544(1087)643; 4970(4658)1223; 711(6146)1696; 1745(4158)2559; 1510(6517)2665; 7858(9675)2764; 936(8879)2944; 2119(4832)3101; 4385(7291)3146; 2830(9675)3197; 229(5088)3585; 6141(2816)3625; 2629(6146)3801; 1215(9675)4033; 8587(1908)4881; 9134(7291)4979; 2770(1087)5140; 4226(7291)5858; 6099(9189)6857; 4093(938)6959; 785(5459)7042; 9072(4869)7206; 9752(583)7297; 7867(4158)7442; 1716(1518)8130; 2457(1518)8468; 8889(7696)8512; 5747(3033)8623; 1558(82)8892; 4515(6517)9064; 
119: 4988(2544)568; 2817(9072)645; 6042(2770)905; 2087(1510)1060; 7(936)1249; 5482(4385)1436; 6895(4970)2616; 4614(2544)2741; 5367(711)2909; 5816(1215)3054; 695(9752)3234; 9385(7867)3336; 3540(1215)4092; 4041(1215)4598; 656(2770)4733; 7125(1745)5628; 8069(9752)6534; 433(2457)6551; 8145(6099)6724; 6866(6099)7276; 4922(2119)7586; 7499(9752)7863; 2061(936)7874; 
120: 3165(4988)343; 625(5367)633; 3284(4041)1570; 1823(2817)2322; 9737(4614)2384; 2936(4988)2574; 2092(656)2923; 4360(5367)3592; 8860(656)3613; 2600(4041)3827; 477(3540)4363; 8462(4988)4966; 6479(4614)5783; 355(2087)6078; 5670(6866)6336; 4524(9385)6726; 7148(433)6864; 4169(7125)6887; 6346(4922)7381; 4855(4041)8029; 1769(4988)8529; 8698(656)8998; 5437(6895)9429; 
121: 4421(3284)799; 6134(9737)1397; 2367(2936)1815; 1380(3165)2359; 1430(2600)4100; 4742(2936)4420; 9222(2936)4750; 9582(6479)4808; 6680(355)5420; 8464(9737)5630; 4579(3284)5833; 8742(8860)6187; 7873(8462)6255; 3651(355)6307; 8240(4855)6339; 3504(4360)6752; 5868(2092)6879; 8695(355)7497; 8442(8462)8237; 2200(1823)9499; 
122: 230(8742)55; 5939(7873)325; 4716(7873)753; 1074(3651)1024; 4110(1380)1254; 8669(8695)1411; 5272(1430)2851; 6493(1430)3389; 9840(9582)3665; 4606(5868)3770; 9604(4579)4031; 1079(4579)4297; 6486(6134)4388; 5471(9222)4465; 4025(3651)5335; 4207(1380)5923; 1859(1430)6175; 7565(3504)6552; 6050(4421)6952; 8701(5868)8189; 8466(2200)8731; 5641(8742)9538; 
123: 1463(4025)697; 9399(1079)957; 1835(7565)1190; 216(8466)1614; 2044(4716)2106; 8723(4207)2408; 1596(4110)2490; 3517(9840)2533; 8984(1079)2598; 744(9840)2660; 4806(5939)3887; 1490(1859)4220; 4433(1079)4354; 8242(4110)4918; 354(4207)5280; 185(9604)5286; 5829(4716)5467; 7342(1074)5500; 8572(6493)5728; 9676(8701)6806; 9902(1079)7188; 6944(4716)8452; 1978(9604)9567; 
124: 7045(1463)26; 7186(6944)192; 6326(8242)1119; 9439(354)1235; 9898(8242)1756; 9736(5829)2631; 1738(9676)2746; 6920(744)3041; 510(8242)3361; 2430(8984)3946; 1970(1463)4256; 8990(8572)4845; 5331(8984)5079; 9248(9399)5487; 9656(354)5578; 2377(1490)5722; 9705(1596)5748; 402(1463)6414; 2935(1490)7508; 
125: 6531(6920)2190; 1258(9736)2726; 3911(402)3830; 8194(510)3888; 2661(9736)4948; 6025(1970)5192; 8585(9736)5360; 3535(402)5398; 6431(9705)5527; 7268(9439)5684; 5667(9705)5955; 5793(9736)7503; 1263(402)8747; 
126: 898(8194)188; 6783(5793)212; 2648(7268)852; 8783(6025)1372; 5350(5793)1702; 3493(7268)1967; 7931(8585)2323; 9999(1263)2753; 1140(2661)2759; 9844(8194)2964; 3826(6531)3798; 3891(8585)4916; 517(6531)5350; 6388(8194)5929; 50(3911)9828; 
127: 2867(2648)128; 6812(3826)301; 4400(8783)426; 9220(5350)1677; 3266(517)3046; 5297(6388)3277; 3792(9844)3556; 5375(898)3589; 121(898)4144; 9420(2648)5580; 5905(9999)5912; 385(3891)5921; 8097(9999)8100; 6114(7931)8240; 8654(6783)9086; 3525(898)9914; 
128: 8277(3266)62; 3537(6812)480; 3664(3792)1125; 6245(5375)1345; 8309(6812)1607; 5053(121)2000; 8759(385)2026; 8715(121)2870; 4733(121)3085; 843(3792)3755; 920(3525)3976; 1846(6114)4989; 4857(4400)6334; 3946(5375)6930; 6037(5297)6972; 731(5905)7005; 2741(9220)7824; 4406(3525)8869; 1656(6812)9156; 7162(6812)9630; 9610(9220)9796; 
129: 7280(3664)86; 8989(8277)186; 7050(8277)621; 2348(4857)750; 144(4733)1276; 1574(1656)1552; 6168(1656)1582; 1057(8277)2440; 4681(8277)2908; 5304(8277)2966; 9188(4406)3867; 9410(3664)3964; 4152(4857)4052; 1290(8759)4726; 6068(5053)5033; 5021(8715)6153; 4455(3664)6325; 5133(8715)8186; 4246(9610)9947; 
130: 8221(7280)955; 4394(7280)1145; 328(2348)1377; 4797(9410)1676; 6452(9188)2001; 3402(5021)2639; 8129(1057)2864; 5558(144)2978; 7834(7050)3364; 8086(2348)3809; 1942(9410)3938; 1062(2348)4186; 1623(1057)4200; 8404(5133)4242; 9954(8989)4471; 2834(8989)4954; 179(1574)5539; 301(7280)5966; 783(8989)6398; 7702(5304)7015; 6480(4152)7703; 2818(5133)8344; 
131: 6338(179)269; 3277(6480)425; 7596(783)1446; 8795(7834)2253; 6797(8129)2303; 2433(783)2379; 6888(783)2387; 2103(4797)2417; 7550(328)2579; 8959(301)2873; 175(4394)3187; 9603(4797)4524; 414(9954)5593; 9436(8129)6112; 7196(2834)6177; 1602(2818)6880; 1226(8221)7055; 7919(4797)7133; 1620(6452)9464; 
132: 9496(6797)536; 223(7550)1114; 6668(6888)1233; 3937(8959)1527; 4253(9603)2249; 3151(9603)2858; 6085(9436)3431; 2315(2433)4398; 8280(1602)5151; 6101(414)5258; 3216(1620)6278; 5268(1226)7877; 2808(7550)8436; 9641(414)9563; 
133: 9452(2315)115; 7860(3151)2214; 5640(5268)2983; 2963(223)3181; 431(2808)3995; 3896(6101)4411; 7042(2808)4427; 9483(9496)5390; 6520(3937)5454; 3900(4253)5752; 2906(9496)6106; 9763(5268)6529; 5799(3937)6625; 3252(4253)9308; 1730(3937)9532; 5345(5268)9545; 
134: 4151(2963)74; 9282(6520)487; 7817(3900)605; 7789(7860)1022; 8432(3900)3923; 697(7860)4778; 1101(9483)5769; 8083(7860)6761; 
135: 6313(1101)60; 621(7817)103; 2704(8083)1644; 2729(7789)2336; 8006(9282)2466; 2484(8083)3560; 6716(1101)3881; 5704(8432)4133; 4295(7789)4707; 337(7817)4742; 7634(7789)4960; 3599(8083)8129; 6714(7789)9738; 
136: 9257(2484)545; 985(6714)681; 7929(5704)1007; 253(5704)1576; 2105(621)4080; 1484(2704)4489; 1890(2729)5590; 7892(5704)5838; 2785(4295)5868; 1945(3599)6050; 6435(3599)6279; 7326(8006)6824; 518(3599)7880; 9018(7634)8520; 4269(5704)9123; 
137: 4284(2785)278; 4949(1890)860; 951(9257)1240; 6639(1484)2223; 8796(2785)3156; 5275(985)3980; 6404(7929)4149; 1421(2105)4628; 9874(1484)5038; 7432(1890)5091; 7273(9257)5183; 4597(2105)5560; 4242(518)6260; 5416(4269)6290; 
138: 8048(951)44; 7650(5275)404; 2650(951)930; 3988(7273)1113; 4822(4597)3073; 8306(9874)4268; 5620(4949)4499; 6505(4284)4767; 7967(6639)5087; 1130(4284)5257; 391(4284)5612; 9075(6639)5866; 1440(4284)5975; 1145(6404)6133; 5527(1421)6670; 8811(6404)8162; 9005(8796)8406; 6858(7273)9370; 
139: 1436(7650)389; 8673(3988)642; 2141(391)764; 8802(5620)1186; 1134(9005)1404; 3979(8048)1636; 1385(8048)1735; 7932(4822)3082; 2099(8048)3221; 4845(1145)3524; 5845(6858)4306; 9549(2650)4332; 4640(4822)4505; 7969(3988)4818; 367(3988)5614; 1561(391)5615; 5698(8811)6516; 4349(7967)6713; 1857(8306)7373; 6981(1130)7718; 
140: 1639(7932)543; 8840(2099)729; 9390(6981)1310; 4114(8673)1348; 2159(4349)2420; 7638(4845)2825; 4058(6981)3325; 4393(9549)3427; 2437(3979)6204; 3702(3979)7560; 5742(1134)7715; 8195(7969)7957; 2995(367)8612; 7212(6981)9285; 
141: 3082(2995)597; 5010(7638)783; 5081(1639)966; 5886(8840)1905; 5049(4393)3784; 5662(4114)3960; 8341(4114)4064; 7645(9390)4274; 8249(8195)5391; 8058(3702)5855; 1663(4058)6357; 7998(2995)7622; 1937(7212)9434; 5895(7212)9686; 1280(2159)9743; 
142: 8439(8341)285; 7079(5010)328; 7920(7998)1199; 9765(5049)1338; 7963(5895)2345; 9493(8058)2645; 1301(8058)4435; 3688(7998)4542; 8771(7998)5171; 2557(7645)7092; 1997(8341)7353; 8028(8249)7627; 6837(1280)8080; 9990(1663)9442; 
143: 428(8771)302; 9025(8439)369; 9407(8771)1611; 8480(7920)1779; 9665(1997)4910; 4674(3688)5064; 8534(7920)5193; 4212(1301)6381; 2100(9765)7060; 9348(9765)7443; 8095(7920)8982; 2940(8028)9801; 
144: 3405(2100)721; 9670(9407)946; 2498(9407)1160; 8233(428)1278; 9655(4674)2340; 1982(9407)4715; 1792(2940)6006; 2360(428)6358; 5701(9025)8252; 8078(9407)8517; 
145: 2218(5701)2998; 4165(3405)6337; 
146: 3203(2218)2770; 7487(4165)6737; 
147: 3410(7487)1432; 1713(7487)2999; 2347(7487)4816; 
148: 5840(3410)5296; 2945(1713)7697; 5902(2347)8026; 
149: 769(5840)5986; 1671(2945)7038; 2863(5902)7808; 
150: 4647(1671)3855; 3941(1671)5153; 
151: 782(4647)542; 14(3941)1858; 377(3941)2947; 66(4647)3961; 
152: 7573(66)2267; 4033(377)7545; 3347(377)7682; 8110(377)8474; 
153: 3430(3347)1766; 3807(7573)1823; 
weight: 16892438
unreachable: 6016
